70000.0000000 56739 25.02 98.50
58900.0000000 56739 25.02 98.50
50000.0000000 56739 25.02 98.50
41800.0000000 56739 25.02 98.50
40000.0000000 56739 25.02 98.50
30000.0000000 56739 25.02 98.50
28400.0000000 56739 25.02 98.50
26100.0000000 56739 25.02 98.50
25000.0000000 56739 25.02 98.50
20000.0000000 56739 25.02 98.50
18300.0000000 56739 25.02 98.50
70000.0000000 56778 25.00 102.65
55800.0000000 56778 25.00 102.65
50000.0000000 56778 25.00 102.65
40000.0000000 56778 25.00 102.65
38600.0000000 56778 25.00 102.65
36700.0000000 56778 25.00 102.65
35300.0000000 56778 25.00 102.65
33600.0000000 56778 25.00 102.65
33300.0000000 56778 25.00 102.65
31400.0000000 56778 25.00 102.65
30000.0000000 56778 25.00 102.65
29200.0000000 56778 25.00 102.65
27600.0000000 56778 25.00 102.65
26200.0000000 56778 25.00 102.65
25000.0000000 56778 25.00 102.65
20000.0000000 56778 25.00 102.65
17300.0000000 56778 25.00 102.65
92500.0000000 59211 23.90 106.60
85000.0000000 59211 23.90 106.60
79400.0000000 59211 23.90 106.60
78700.0000000 59211 23.90 106.60
75100.0000000 59211 23.90 106.60
70000.0000000 59211 23.90 106.60
57900.0000000 59211 23.90 106.60
57500.0000000 59211 23.90 106.60
54500.0000000 59211 23.90 106.60
50000.0000000 59211 23.90 106.60
46900.0000000 59211 23.90 106.60
46400.0000000 59211 23.90 106.60
44700.0000000 59211 23.90 106.60
41200.0000000 59211 23.90 106.60
40000.0000000 59211 23.90 106.60
33500.0000000 59211 23.90 106.60
32700.0000000 59211 23.90 106.60
31800.0000000 59211 23.90 106.60
30200.0000000 59211 23.90 106.60
30000.0000000 59211 23.90 106.60
28300.0000000 59211 23.90 106.60
25000.0000000 59211 23.90 106.60
20000.0000000 59211 23.90 106.60
18600.0000000 59211 23.90 106.60
92500.0000000 59023 24.70 108.03
85000.0000000 59023 24.70 108.03
82800.0000000 59023 24.70 108.03
77600.0000000 59023 24.70 108.03
70000.0000000 59023 24.70 108.03
65600.0000000 59023 24.70 108.03
62900.0000000 59023 24.70 108.03
58000.0000000 59023 24.70 108.03
56600.0000000 59023 24.70 108.03
53400.0000000 59023 24.70 108.03
50000.0000000 59023 24.70 108.03
49700.0000000 59023 24.70 108.03
44400.0000000 59023 24.70 108.03
40000.0000000 59023 24.70 108.03
38600.0000000 59023 24.70 108.03
32100.0000000 59023 24.70 108.03
30000.0000000 59023 24.70 108.03
25000.0000000 59023 24.70 108.03
20000.0000000 59023 24.70 108.03
19700.0000000 59023 24.70 108.03
16000.0000000 59023 24.70 108.03
92500.0000000 57957 25.32 110.30
85000.0000000 57957 25.32 110.30
81500.0000000 57957 25.32 110.30
76400.0000000 57957 25.32 110.30
73000.0000000 57957 25.32 110.30
70100.0000000 57957 25.32 110.30
70000.0000000 57957 25.32 110.30
69600.0000000 57957 25.32 110.30
66200.0000000 57957 25.32 110.30
58700.0000000 57957 25.32 110.30
58200.0000000 57957 25.32 110.30
57800.0000000 57957 25.32 110.30
56200.0000000 57957 25.32 110.30
53100.0000000 57957 25.32 110.30
51700.0000000 57957 25.32 110.30
50000.0000000 57957 25.32 110.30
47000.0000000 57957 25.32 110.30
42800.0000000 57957 25.32 110.30
40000.0000000 57957 25.32 110.30
39600.0000000 57957 25.32 110.30
33500.0000000 57957 25.32 110.30
32200.0000000 57957 25.32 110.30
30000.0000000 57957 25.32 110.30
25000.0000000 57957 25.32 110.30
24100.0000000 57957 25.32 110.30
20000.0000000 57957 25.32 110.30
18100.0000000 57957 25.32 110.30
92500.0000000 59293 23.78 114.73
85000.0000000 59293 23.78 114.73
81000.0000000 59293 23.78 114.73
70000.0000000 59293 23.78 114.73
67700.0000000 59293 23.78 114.73
59600.0000000 59293 23.78 114.73
54900.0000000 59293 23.78 114.73
51000.0000000 59293 23.78 114.73
50000.0000000 59293 23.78 114.73
45300.0000000 59293 23.78 114.73
40400.0000000 59293 23.78 114.73
40000.0000000 59293 23.78 114.73
35900.0000000 59293 23.78 114.73
35200.0000000 59293 23.78 114.73
30600.0000000 59293 23.78 114.73
30000.0000000 59293 23.78 114.73
20000.0000000 59293 23.78 114.73
19100.0000000 59293 23.78 114.73
94800.0000000 59316 23.40 116.68
92500.0000000 59316 23.40 116.68
85000.0000000 59316 23.40 116.68
74100.0000000 59316 23.40 116.68
70000.0000000 59316 23.40 116.68
58800.0000000 59316 23.40 116.68
57100.0000000 59316 23.40 116.68
56600.0000000 59316 23.40 116.68
55000.0000000 59316 23.40 116.68
53800.0000000 59316 23.40 116.68
50000.0000000 59316 23.40 116.68
49200.0000000 59316 23.40 116.68
48200.0000000 59316 23.40 116.68
45400.0000000 59316 23.40 116.68
42100.0000000 59316 23.40 116.68
40000.0000000 59316 23.40 116.68
35000.0000000 59316 23.40 116.68
32100.0000000 59316 23.40 116.68
30000.0000000 59316 23.40 116.68
25000.0000000 59316 23.40 116.68
20200.0000000 59316 23.40 116.68
20000.0000000 59316 23.40 116.68
92500.0000000 59280 23.70 113.08
87000.0000000 59280 23.70 113.08
85000.0000000 59280 23.70 113.08
72800.0000000 59280 23.70 113.08
70000.0000000 59280 23.70 113.08
63700.0000000 59280 23.70 113.08
50000.0000000 59280 23.70 113.08
48300.0000000 59280 23.70 113.08
46700.0000000 59280 23.70 113.08
41500.0000000 59280 23.70 113.08
40000.0000000 59280 23.70 113.08
34700.0000000 59280 23.70 113.08
30000.0000000 59280 23.70 113.08
28600.0000000 59280 23.70 113.08
25000.0000000 59280 23.70 113.08
21500.0000000 59280 23.70 113.08
20000.0000000 59280 23.70 113.08
19100.0000000 59280 23.70 113.08
92500.0000000 59134 24.48 118.07
88700.0000000 59134 24.48 118.07
85000.0000000 59134 24.48 118.07
80500.0000000 59134 24.48 118.07
77800.0000000 59134 24.48 118.07
70000.0000000 59134 24.48 118.07
69400.0000000 59134 24.48 118.07
55500.0000000 59134 24.48 118.07
52700.0000000 59134 24.48 118.07
51500.0000000 59134 24.48 118.07
50400.0000000 59134 24.48 118.07
50000.0000000 59134 24.48 118.07
49900.0000000 59134 24.48 118.07
49400.0000000 59134 24.48 118.07
45200.0000000 59134 24.48 118.07
42200.0000000 59134 24.48 118.07
40000.0000000 59134 24.48 118.07
39000.0000000 59134 24.48 118.07
32000.0000000 59134 24.48 118.07
30000.0000000 59134 24.48 118.07
29000.0000000 59134 24.48 118.07
27900.0000000 59134 24.48 118.07
25100.0000000 59134 24.48 118.07
25000.0000000 59134 24.48 118.07
21900.0000000 59134 24.48 118.07
20000.0000000 59134 24.48 118.07
18700.0000000 59134 24.48 118.07
17000.0000000 59134 24.48 118.07
70000.0000000 56651 26.85 100.22
51000.0000000 56651 26.85 100.22
50000.0000000 56651 26.85 100.22
40000.0000000 56651 26.85 100.22
34200.0000000 56651 26.85 100.22
30000.0000000 56651 26.85 100.22
27300.0000000 56651 26.85 100.22
25000.0000000 56651 26.85 100.22
20000.0000000 56651 26.85 100.22
19300.0000000 56651 26.85 100.22
70000.0000000 56691 26.87 104.28
55000.0000000 56691 26.87 104.28
50000.0000000 56691 26.87 104.28
40000.0000000 56691 26.87 104.28
37800.0000000 56691 26.87 104.28
37100.0000000 56691 26.87 104.28
33100.0000000 56691 26.87 104.28
30300.0000000 56691 26.87 104.28
30000.0000000 56691 26.87 104.28
28800.0000000 56691 26.87 104.28
27500.0000000 56691 26.87 104.28
26100.0000000 56691 26.87 104.28
25000.0000000 56691 26.87 104.28
24800.0000000 56691 26.87 104.28
20000.0000000 56691 26.87 104.28
18800.0000000 56691 26.87 104.28
85000.0000000 57816 26.58 106.73
70000.0000000 57816 26.58 106.73
66900.0000000 57816 26.58 106.73
60300.0000000 57816 26.58 106.73
58900.0000000 57816 26.58 106.73
50000.0000000 57816 26.58 106.73
49700.0000000 57816 26.58 106.73
48100.0000000 57816 26.58 106.73
46800.0000000 57816 26.58 106.73
46500.0000000 57816 26.58 106.73
45900.0000000 57816 26.58 106.73
41800.0000000 57816 26.58 106.73
40000.0000000 57816 26.58 106.73
39900.0000000 57816 26.58 106.73
35200.0000000 57816 26.58 106.73
30700.0000000 57816 26.58 106.73
30000.0000000 57816 26.58 106.73
28000.0000000 57816 26.58 106.73
25000.0000000 57816 26.58 106.73
23300.0000000 57816 26.58 106.73
20000.0000000 57816 26.58 106.73
18100.0000000 57816 26.58 106.73
93400.0000000 57972 25.80 113.03
92500.0000000 57972 25.80 113.03
85000.0000000 57972 25.80 113.03
81300.0000000 57972 25.80 113.03
79600.0000000 57972 25.80 113.03
77000.0000000 57972 25.80 113.03
70000.0000000 57972 25.80 113.03
61300.0000000 57972 25.80 113.03
56500.0000000 57972 25.80 113.03
55900.0000000 57972 25.80 113.03
51000.0000000 57972 25.80 113.03
50000.0000000 57972 25.80 113.03
48700.0000000 57972 25.80 113.03
47700.0000000 57972 25.80 113.03
44300.0000000 57972 25.80 113.03
43900.0000000 57972 25.80 113.03
41800.0000000 57972 25.80 113.03
40000.0000000 57972 25.80 113.03
32200.0000000 57972 25.80 113.03
30000.0000000 57972 25.80 113.03
25000.0000000 57972 25.80 113.03
21300.0000000 57972 25.80 113.03
20000.0000000 57972 25.80 113.03
92500.0000000 57993 25.87 115.00
86000.0000000 57993 25.87 115.00
85000.0000000 57993 25.87 115.00
72600.0000000 57993 25.87 115.00
70000.0000000 57993 25.87 115.00
65900.0000000 57993 25.87 115.00
60200.0000000 57993 25.87 115.00
52700.0000000 57993 25.87 115.00
51100.0000000 57993 25.87 115.00
47200.0000000 57993 25.87 115.00
45700.0000000 57993 25.87 115.00
43800.0000000 57993 25.87 115.00
42800.0000000 57993 25.87 115.00
37400.0000000 57993 25.87 115.00
33200.0000000 57993 25.87 115.00
31000.0000000 57993 25.87 115.00
30000.0000000 57993 25.87 115.00
25000.0000000 57993 25.87 115.00
20000.0000000 57993 25.87 115.00
99900.0000000 58847 26.08 119.28
92500.0000000 58847 26.08 119.28
85000.0000000 58847 26.08 119.28
70000.0000000 58847 26.08 119.28
50000.0000000 58847 26.08 119.28
40000.0000000 58847 26.08 119.28
30000.0000000 58847 26.08 119.28
25000.0000000 58847 26.08 119.28
20000.0000000 58847 26.08 119.28
70000.0000000 56571 27.90 102.27
55900.0000000 56571 27.90 102.27
50000.0000000 56571 27.90 102.27
40000.0000000 56571 27.90 102.27
37600.0000000 56571 27.90 102.27
37200.0000000 56571 27.90 102.27
35200.0000000 56571 27.90 102.27
30000.0000000 56571 27.90 102.27
28800.0000000 56571 27.90 102.27
25000.0000000 56571 27.90 102.27
20000.0000000 56571 27.90 102.27
19400.0000000 56571 27.90 102.27
92500.0000000 56492 28.80 104.60
85000.0000000 56492 28.80 104.60
77700.0000000 56492 28.80 104.60
70000.0000000 56492 28.80 104.60
55900.0000000 56492 28.80 104.60
51700.0000000 56492 28.80 104.60
50000.0000000 56492 28.80 104.60
40000.0000000 56492 28.80 104.60
32600.0000000 56492 28.80 104.60
31600.0000000 56492 28.80 104.60
30000.0000000 56492 28.80 104.60
25000.0000000 56492 28.80 104.60
20000.0000000 56492 28.80 104.60
19400.0000000 56492 28.80 104.60
93700.0000000 57516 29.58 106.47
92500.0000000 57516 29.58 106.47
85000.0000000 57516 29.58 106.47
74900.0000000 57516 29.58 106.47
54600.0000000 57516 29.58 106.47
50000.0000000 57516 29.58 106.47
47900.0000000 57516 29.58 106.47
40000.0000000 57516 29.58 106.47
36200.0000000 57516 29.58 106.47
30000.0000000 57516 29.58 106.47
27800.0000000 57516 29.58 106.47
25000.0000000 57516 29.58 106.47
20000.0000000 57516 29.58 106.47
17700.0000000 57516 29.58 106.47
92500.0000000 57679 28.20 113.08
85000.0000000 57679 28.20 113.08
81500.0000000 57679 28.20 113.08
70000.0000000 57679 28.20 113.08
69800.0000000 57679 28.20 113.08
56600.0000000 57679 28.20 113.08
56200.0000000 57679 28.20 113.08
55300.0000000 57679 28.20 113.08
51200.0000000 57679 28.20 113.08
50000.0000000 57679 28.20 113.08
47800.0000000 57679 28.20 113.08
46400.0000000 57679 28.20 113.08
43400.0000000 57679 28.20 113.08
40000.0000000 57679 28.20 113.08
39000.0000000 57679 28.20 113.08
37400.0000000 57679 28.20 113.08
36700.0000000 57679 28.20 113.08
35900.0000000 57679 28.20 113.08
34500.0000000 57679 28.20 113.08
31900.0000000 57679 28.20 113.08
30000.0000000 57679 28.20 113.08
28700.0000000 57679 28.20 113.08
27500.0000000 57679 28.20 113.08
25000.0000000 57679 28.20 113.08
21300.0000000 57679 28.20 113.08
20000.0000000 57679 28.20 113.08
18400.0000000 57679 28.20 113.08
15400.0000000 57679 28.20 113.08
100000.0000000 58606 28.60 115.92
95000.0000000 58606 28.60 115.92
92500.0000000 58606 28.60 115.92
86700.0000000 58606 28.60 115.92
85000.0000000 58606 28.60 115.92
78800.0000000 58606 28.60 115.92
74400.0000000 58606 28.60 115.92
70000.0000000 58606 28.60 115.92
69600.0000000 58606 28.60 115.92
56100.0000000 58606 28.60 115.92
52600.0000000 58606 28.60 115.92
51500.0000000 58606 28.60 115.92
50000.0000000 58606 28.60 115.92
49800.0000000 58606 28.60 115.92
48400.0000000 58606 28.60 115.92
45700.0000000 58606 28.60 115.92
42900.0000000 58606 28.60 115.92
40200.0000000 58606 28.60 115.92
40000.0000000 58606 28.60 115.92
37900.0000000 58606 28.60 115.92
33400.0000000 58606 28.60 115.92
32200.0000000 58606 28.60 115.92
30000.0000000 58606 28.60 115.92
29800.0000000 58606 28.60 115.92
28200.0000000 58606 28.60 115.92
25000.0000000 58606 28.60 115.92
20000.0000000 58606 28.60 115.92
18100.0000000 58606 28.60 115.92
96300.0000000 58725 27.33 117.47
92800.0000000 58725 27.33 117.47
92500.0000000 58725 27.33 117.47
85000.0000000 58725 27.33 117.47
79900.0000000 58725 27.33 117.47
70000.0000000 58725 27.33 117.47
52700.0000000 58725 27.33 117.47
52000.0000000 58725 27.33 117.47
50500.0000000 58725 27.33 117.47
50000.0000000 58725 27.33 117.47
46600.0000000 58725 27.33 117.47
45500.0000000 58725 27.33 117.47
44900.0000000 58725 27.33 117.47
42800.0000000 58725 27.33 117.47
42300.0000000 58725 27.33 117.47
40600.0000000 58725 27.33 117.47
40000.0000000 58725 27.33 117.47
34600.0000000 58725 27.33 117.47
31000.0000000 58725 27.33 117.47
30000.0000000 58725 27.33 117.47
27600.0000000 58725 27.33 117.47
25000.0000000 58725 27.33 117.47
20000.0000000 58725 27.33 117.47
17400.0000000 58725 27.33 117.47
57300.0000000 55664 28.63 87.08
50000.0000000 55664 28.63 87.08
47900.0000000 55664 28.63 87.08
45000.0000000 55664 28.63 87.08
41600.0000000 55664 28.63 87.08
40400.0000000 55664 28.63 87.08
40000.0000000 55664 28.63 87.08
30000.0000000 55664 28.63 87.08
28700.0000000 55664 28.63 87.08
25000.0000000 55664 28.63 87.08
20000.0000000 55664 28.63 87.08
17600.0000000 55664 28.63 87.08
57900.0000000 55591 29.67 91.13
52200.0000000 55591 29.67 91.13
50000.0000000 55591 29.67 91.13
45600.0000000 55591 29.67 91.13
40000.0000000 55591 29.67 91.13
37700.0000000 55591 29.67 91.13
35700.0000000 55591 29.67 91.13
33200.0000000 55591 29.67 91.13
32200.0000000 55591 29.67 91.13
30000.0000000 55591 29.67 91.13
28900.0000000 55591 29.67 91.13
25000.0000000 55591 29.67 91.13
20100.0000000 55591 29.67 91.13
20000.0000000 55591 29.67 91.13
50000.0000000 56312 29.67 94.33
49700.0000000 56312 29.67 94.33
40000.0000000 56312 29.67 94.33
34900.0000000 56312 29.67 94.33
31100.0000000 56312 29.67 94.33
30000.0000000 56312 29.67 94.33
25000.0000000 56312 29.67 94.33
20000.0000000 56312 29.67 94.33
18200.0000000 56312 29.67 94.33
57800.0000000 56137 31.15 97.17
50000.0000000 56137 31.15 97.17
40000.0000000 56137 31.15 97.17
36700.0000000 56137 31.15 97.17
35100.0000000 56137 31.15 97.17
30000.0000000 56137 31.15 97.17
26000.0000000 56137 31.15 97.17
25000.0000000 56137 31.15 97.17
20000.0000000 56137 31.15 97.17
19300.0000000 56137 31.15 97.17
52800.0000000 56247 30.00 99.10
50000.0000000 56247 30.00 99.10
40000.0000000 56247 30.00 99.10
37700.0000000 56247 30.00 99.10
35100.0000000 56247 30.00 99.10
32500.0000000 56247 30.00 99.10
30000.0000000 56247 30.00 99.10
29000.0000000 56247 30.00 99.10
25800.0000000 56247 30.00 99.10
25000.0000000 56247 30.00 99.10
23700.0000000 56247 30.00 99.10
20000.0000000 56247 30.00 99.10
50000.0000000 56146 31.62 100.00
44600.0000000 56146 31.62 100.00
40900.0000000 56146 31.62 100.00
40000.0000000 56146 31.62 100.00
36100.0000000 56146 31.62 100.00
33500.0000000 56146 31.62 100.00
32000.0000000 56146 31.62 100.00
31100.0000000 56146 31.62 100.00
30000.0000000 56146 31.62 100.00
28200.0000000 56146 31.62 100.00
27200.0000000 56146 31.62 100.00
25000.0000000 56146 31.62 100.00
20600.0000000 56146 31.62 100.00
20000.0000000 56146 31.62 100.00
15700.0000000 56146 31.62 100.00
92500.0000000 56187 30.75 103.87
85000.0000000 56187 30.75 103.87
72100.0000000 56187 30.75 103.87
70000.0000000 56187 30.75 103.87
52200.0000000 56187 30.75 103.87
50000.0000000 56187 30.75 103.87
40000.0000000 56187 30.75 103.87
37800.0000000 56187 30.75 103.87
36800.0000000 56187 30.75 103.87
34500.0000000 56187 30.75 103.87
33400.0000000 56187 30.75 103.87
32900.0000000 56187 30.75 103.87
32500.0000000 56187 30.75 103.87
31900.0000000 56187 30.75 103.87
30000.0000000 56187 30.75 103.87
20000.0000000 56187 30.75 103.87
17600.0000000 56187 30.75 103.87
92500.0000000 57328 31.20 107.50
89000.0000000 57328 31.20 107.50
85000.0000000 57328 31.20 107.50
79300.0000000 57328 31.20 107.50
70000.0000000 57328 31.20 107.50
50800.0000000 57328 31.20 107.50
50000.0000000 57328 31.20 107.50
43800.0000000 57328 31.20 107.50
41900.0000000 57328 31.20 107.50
40000.0000000 57328 31.20 107.50
39300.0000000 57328 31.20 107.50
37200.0000000 57328 31.20 107.50
34400.0000000 57328 31.20 107.50
33300.0000000 57328 31.20 107.50
30700.0000000 57328 31.20 107.50
30000.0000000 57328 31.20 107.50
28300.0000000 57328 31.20 107.50
25400.0000000 57328 31.20 107.50
25000.0000000 57328 31.20 107.50
20000.0000000 57328 31.20 107.50
19100.0000000 57328 31.20 107.50
92500.0000000 57447 30.28 109.47
85000.0000000 57447 30.28 109.47
70000.0000000 57447 30.28 109.47
60500.0000000 57447 30.28 109.47
58700.0000000 57447 30.28 109.47
51900.0000000 57447 30.28 109.47
50000.0000000 57447 30.28 109.47
40700.0000000 57447 30.28 109.47
40100.0000000 57447 30.28 109.47
40000.0000000 57447 30.28 109.47
32700.0000000 57447 30.28 109.47
31800.0000000 57447 30.28 109.47
31500.0000000 57447 30.28 109.47
30300.0000000 57447 30.28 109.47
30000.0000000 57447 30.28 109.47
28200.0000000 57447 30.28 109.47
25900.0000000 57447 30.28 109.47
25000.0000000 57447 30.28 109.47
20400.0000000 57447 30.28 109.47
20000.0000000 57447 30.28 109.47
98500.0000000 57461 30.70 111.30
92500.0000000 57461 30.70 111.30
85000.0000000 57461 30.70 111.30
70000.0000000 57461 30.70 111.30
50000.0000000 57461 30.70 111.30
40000.0000000 57461 30.70 111.30
30000.0000000 57461 30.70 111.30
25000.0000000 57461 30.70 111.30
20000.0000000 57461 30.70 111.30
100000.0000000 58424 30.53 117.05
92500.0000000 58424 30.53 117.05
91300.0000000 58424 30.53 117.05
85000.0000000 58424 30.53 117.05
75800.0000000 58424 30.53 117.05
70000.0000000 58424 30.53 117.05
68800.0000000 58424 30.53 117.05
61600.0000000 58424 30.53 117.05
57500.0000000 58424 30.53 117.05
50100.0000000 58424 30.53 117.05
50000.0000000 58424 30.53 117.05
49100.0000000 58424 30.53 117.05
45400.0000000 58424 30.53 117.05
42300.0000000 58424 30.53 117.05
41500.0000000 58424 30.53 117.05
40000.0000000 58424 30.53 117.05
39900.0000000 58424 30.53 117.05
37600.0000000 58424 30.53 117.05
34700.0000000 58424 30.53 117.05
34100.0000000 58424 30.53 117.05
30000.0000000 58424 30.53 117.05
28800.0000000 58424 30.53 117.05
25000.0000000 58424 30.53 117.05
23900.0000000 58424 30.53 117.05
20300.0000000 58424 30.53 117.05
20000.0000000 58424 30.53 117.05
16500.0000000 58424 30.53 117.05
98500.0000000 58633 29.00 118.90
95000.0000000 58633 29.00 118.90
92800.0000000 58633 29.00 118.90
92500.0000000 58633 29.00 118.90
85000.0000000 58633 29.00 118.90
83500.0000000 58633 29.00 118.90
80200.0000000 58633 29.00 118.90
74100.0000000 58633 29.00 118.90
70000.0000000 58633 29.00 118.90
69600.0000000 58633 29.00 118.90
51500.0000000 58633 29.00 118.90
50000.0000000 58633 29.00 118.90
48600.0000000 58633 29.00 118.90
47700.0000000 58633 29.00 118.90
45100.0000000 58633 29.00 118.90
43500.0000000 58633 29.00 118.90
42100.0000000 58633 29.00 118.90
40000.0000000 58633 29.00 118.90
38300.0000000 58633 29.00 118.90
31400.0000000 58633 29.00 118.90
30000.0000000 58633 29.00 118.90
28200.0000000 58633 29.00 118.90
25000.0000000 58633 29.00 118.90
21500.0000000 58633 29.00 118.90
17300.0000000 58633 29.00 118.90
100200.0000000 58457 30.23 120.17
100000.0000000 58457 30.23 120.17
98600.0000000 58457 30.23 120.17
95900.0000000 58457 30.23 120.17
92500.0000000 58457 30.23 120.17
85000.0000000 58457 30.23 120.17
84000.0000000 58457 30.23 120.17
80400.0000000 58457 30.23 120.17
70000.0000000 58457 30.23 120.17
68500.0000000 58457 30.23 120.17
68200.0000000 58457 30.23 120.17
67200.0000000 58457 30.23 120.17
57000.0000000 58457 30.23 120.17
52300.0000000 58457 30.23 120.17
50000.0000000 58457 30.23 120.17
47900.0000000 58457 30.23 120.17
47600.0000000 58457 30.23 120.17
47300.0000000 58457 30.23 120.17
40800.0000000 58457 30.23 120.17
40000.0000000 58457 30.23 120.17
36400.0000000 58457 30.23 120.17
30000.0000000 58457 30.23 120.17
29600.0000000 58457 30.23 120.17
25000.0000000 58457 30.23 120.17
22400.0000000 58457 30.23 120.17
20000.0000000 58457 30.23 120.17
17000.0000000 58457 30.23 120.17
92500.0000000 57494 30.60 114.05
85000.0000000 57494 30.60 114.05
71400.0000000 57494 30.60 114.05
70000.0000000 57494 30.60 114.05
66100.0000000 57494 30.60 114.05
64500.0000000 57494 30.60 114.05
63300.0000000 57494 30.60 114.05
62600.0000000 57494 30.60 114.05
60900.0000000 57494 30.60 114.05
59300.0000000 57494 30.60 114.05
52800.0000000 57494 30.60 114.05
51100.0000000 57494 30.60 114.05
50000.0000000 57494 30.60 114.05
40400.0000000 57494 30.60 114.05
40000.0000000 57494 30.60 114.05
39900.0000000 57494 30.60 114.05
32300.0000000 57494 30.60 114.05
30000.0000000 57494 30.60 114.05
26600.0000000 57494 30.60 114.05
25000.0000000 57494 30.60 114.05
20000.0000000 57494 30.60 114.05
19000.0000000 57494 30.60 114.05
15000.0000000 57494 30.60 114.05
100000.0000000 58665 28.62 121.42
94300.0000000 58665 28.62 121.42
93300.0000000 58665 28.62 121.42
92500.0000000 58665 28.62 121.42
90300.0000000 58665 28.62 121.42
86400.0000000 58665 28.62 121.42
85000.0000000 58665 28.62 121.42
84800.0000000 58665 28.62 121.42
83300.0000000 58665 28.62 121.42
76100.0000000 58665 28.62 121.42
70000.0000000 58665 28.62 121.42
55900.0000000 58665 28.62 121.42
53200.0000000 58665 28.62 121.42
50000.0000000 58665 28.62 121.42
49600.0000000 58665 28.62 121.42
48800.0000000 58665 28.62 121.42
46400.0000000 58665 28.62 121.42
45300.0000000 58665 28.62 121.42
45000.0000000 58665 28.62 121.42
44700.0000000 58665 28.62 121.42
43600.0000000 58665 28.62 121.42
42400.0000000 58665 28.62 121.42
31800.0000000 58665 28.62 121.42
30000.0000000 58665 28.62 121.42
28100.0000000 58665 28.62 121.42
25000.0000000 58665 28.62 121.42
20800.0000000 58665 28.62 121.42
20000.0000000 58665 28.62 121.42
18600.0000000 58665 28.62 121.42
50000.0000000 55299 31.48 92.07
44800.0000000 55299 31.48 92.07
40000.0000000 55299 31.48 92.07
30000.0000000 55299 31.48 92.07
29200.0000000 55299 31.48 92.07
25000.0000000 55299 31.48 92.07
21200.0000000 55299 31.48 92.07
20000.0000000 55299 31.48 92.07
50000.0000000 56029 33.00 96.97
41400.0000000 56029 33.00 96.97
40100.0000000 56029 33.00 96.97
40000.0000000 56029 33.00 96.97
35100.0000000 56029 33.00 96.97
30000.0000000 56029 33.00 96.97
25000.0000000 56029 33.00 96.97
24100.0000000 56029 33.00 96.97
20000.0000000 56029 33.00 96.97
17500.0000000 56029 33.00 96.97
50700.0000000 56173 32.80 102.55
50000.0000000 56173 32.80 102.55
45300.0000000 56173 32.80 102.55
44300.0000000 56173 32.80 102.55
43400.0000000 56173 32.80 102.55
40000.0000000 56173 32.80 102.55
30000.0000000 56173 32.80 102.55
27300.0000000 56173 32.80 102.55
25000.0000000 56173 32.80 102.55
20000.0000000 56173 32.80 102.55
19000.0000000 56173 32.80 102.55
70000.0000000 56096 33.40 104.92
61700.0000000 56096 33.40 104.92
50000.0000000 56096 33.40 104.92
43200.0000000 56096 33.40 104.92
40000.0000000 56096 33.40 104.92
36600.0000000 56096 33.40 104.92
35400.0000000 56096 33.40 104.92
30000.0000000 56096 33.40 104.92
27600.0000000 56096 33.40 104.92
25000.0000000 56096 33.40 104.92
22300.0000000 56096 33.40 104.92
20000.0000000 56096 33.40 104.92
92500.0000000 57127 33.07 107.03
87300.0000000 57127 33.07 107.03
86600.0000000 57127 33.07 107.03
85000.0000000 57127 33.07 107.03
70000.0000000 57127 33.07 107.03
62300.0000000 57127 33.07 107.03
50000.0000000 57127 33.07 107.03
44800.0000000 57127 33.07 107.03
43700.0000000 57127 33.07 107.03
40100.0000000 57127 33.07 107.03
36900.0000000 57127 33.07 107.03
33400.0000000 57127 33.07 107.03
30000.0000000 57127 33.07 107.03
25000.0000000 57127 33.07 107.03
24300.0000000 57127 33.07 107.03
20000.0000000 57127 33.07 107.03
18900.0000000 57127 33.07 107.03
16000.0000000 57127 33.07 107.03
92500.0000000 57245 32.72 109.03
85000.0000000 57245 32.72 109.03
82900.0000000 57245 32.72 109.03
81200.0000000 57245 32.72 109.03
70000.0000000 57245 32.72 109.03
67600.0000000 57245 32.72 109.03
60400.0000000 57245 32.72 109.03
50000.0000000 57245 32.72 109.03
47400.0000000 57245 32.72 109.03
40000.0000000 57245 32.72 109.03
39200.0000000 57245 32.72 109.03
36500.0000000 57245 32.72 109.03
30000.0000000 57245 32.72 109.03
25000.0000000 57245 32.72 109.03
23700.0000000 57245 32.72 109.03
20000.0000000 57245 32.72 109.03
92500.0000000 57178 33.03 112.58
85000.0000000 57178 33.03 112.58
70000.0000000 57178 33.03 112.58
69000.0000000 57178 33.03 112.58
65400.0000000 57178 33.03 112.58
59300.0000000 57178 33.03 112.58
52800.0000000 57178 33.03 112.58
50000.0000000 57178 33.03 112.58
48500.0000000 57178 33.03 112.58
46300.0000000 57178 33.03 112.58
44600.0000000 57178 33.03 112.58
40200.0000000 57178 33.03 112.58
40000.0000000 57178 33.03 112.58
38800.0000000 57178 33.03 112.58
33600.0000000 57178 33.03 112.58
30000.0000000 57178 33.03 112.58
25600.0000000 57178 33.03 112.58
25000.0000000 57178 33.03 112.58
20000.0000000 57178 33.03 112.58
19500.0000000 57178 33.03 112.58
100000.0000000 58238 31.93 118.90
99000.0000000 58238 31.93 118.90
96700.0000000 58238 31.93 118.90
92500.0000000 58238 31.93 118.90
85000.0000000 58238 31.93 118.90
83100.0000000 58238 31.93 118.90
78900.0000000 58238 31.93 118.90
73000.0000000 58238 31.93 118.90
70000.0000000 58238 31.93 118.90
56800.0000000 58238 31.93 118.90
48000.0000000 58238 31.93 118.90
45900.0000000 58238 31.93 118.90
40000.0000000 58238 31.93 118.90
38700.0000000 58238 31.93 118.90
35700.0000000 58238 31.93 118.90
34500.0000000 58238 31.93 118.90
31600.0000000 58238 31.93 118.90
30000.0000000 58238 31.93 118.90
29200.0000000 58238 31.93 118.90
28300.0000000 58238 31.93 118.90
25000.0000000 58238 31.93 118.90
20400.0000000 58238 31.93 118.90
20000.0000000 58238 31.93 118.90
97400.0000000 58203 32.90 115.83
96300.0000000 58203 32.90 115.83
92500.0000000 58203 32.90 115.83
85000.0000000 58203 32.90 115.83
70000.0000000 58203 32.90 115.83
66100.0000000 58203 32.90 115.83
59400.0000000 58203 32.90 115.83
50000.0000000 58203 32.90 115.83
39000.0000000 58203 32.90 115.83
34900.0000000 58203 32.90 115.83
30000.0000000 58203 32.90 115.83
25000.0000000 58203 32.90 115.83
22800.0000000 58203 32.90 115.83
20000.0000000 58203 32.90 115.83
100000.0000000 58362 31.40 121.45
98600.0000000 58362 31.40 121.45
96900.0000000 58362 31.40 121.45
92500.0000000 58362 31.40 121.45
85000.0000000 58362 31.40 121.45
79100.0000000 58362 31.40 121.45
73800.0000000 58362 31.40 121.45
70000.0000000 58362 31.40 121.45
66700.0000000 58362 31.40 121.45
61700.0000000 58362 31.40 121.45
61400.0000000 58362 31.40 121.45
61200.0000000 58362 31.40 121.45
59700.0000000 58362 31.40 121.45
52600.0000000 58362 31.40 121.45
52200.0000000 58362 31.40 121.45
51700.0000000 58362 31.40 121.45
50000.0000000 58362 31.40 121.45
48600.0000000 58362 31.40 121.45
46700.0000000 58362 31.40 121.45
40000.0000000 58362 31.40 121.45
37600.0000000 58362 31.40 121.45
37100.0000000 58362 31.40 121.45
36900.0000000 58362 31.40 121.45
30000.0000000 58362 31.40 121.45
25800.0000000 58362 31.40 121.45
25000.0000000 58362 31.40 121.45
22000.0000000 58362 31.40 121.45
20000.0000000 58362 31.40 121.45
50000.0000000 56004 34.22 92.43
45700.0000000 56004 34.22 92.43
43300.0000000 56004 34.22 92.43
40000.0000000 56004 34.22 92.43
38700.0000000 56004 34.22 92.43
33500.0000000 56004 34.22 92.43
32600.0000000 56004 34.22 92.43
31300.0000000 56004 34.22 92.43
30700.0000000 56004 34.22 92.43
30000.0000000 56004 34.22 92.43
27000.0000000 56004 34.22 92.43
25000.0000000 56004 34.22 92.43
20000.0000000 56004 34.22 92.43
18100.0000000 56004 34.22 92.43
55400.0000000 56046 33.75 99.65
50000.0000000 56046 33.75 99.65
42800.0000000 56046 33.75 99.65
40000.0000000 56046 33.75 99.65
34500.0000000 56046 33.75 99.65
32000.0000000 56046 33.75 99.65
30000.0000000 56046 33.75 99.65
26800.0000000 56046 33.75 99.65
25000.0000000 56046 33.75 99.65
24400.0000000 56046 33.75 99.65
20000.0000000 56046 33.75 99.65
15800.0000000 56046 33.75 99.65
56300.0000000 56080 35.00 102.90
54900.0000000 56080 35.00 102.90
50000.0000000 56080 35.00 102.90
40400.0000000 56080 35.00 102.90
40000.0000000 56080 35.00 102.90
30000.0000000 56080 35.00 102.90
29700.0000000 56080 35.00 102.90
25000.0000000 56080 35.00 102.90
20000.0000000 56080 35.00 102.90
19300.0000000 56080 35.00 102.90
15000.0000000 56080 35.00 102.90
72600.0000000 52983 35.87 104.15
70000.0000000 52983 35.87 104.15
61000.0000000 52983 35.87 104.15
59300.0000000 52983 35.87 104.15
58100.0000000 52983 35.87 104.15
57300.0000000 52983 35.87 104.15
55600.0000000 52983 35.87 104.15
50000.0000000 52983 35.87 104.15
46000.0000000 52983 35.87 104.15
43800.0000000 52983 35.87 104.15
42000.0000000 52983 35.87 104.15
40000.0000000 52983 35.87 104.15
35100.0000000 52983 35.87 104.15
30000.0000000 52983 35.87 104.15
28400.0000000 52983 35.87 104.15
25000.0000000 52983 35.87 104.15
20000.0000000 52983 35.87 104.15
17600.0000000 52983 35.87 104.15
15000.0000000 52983 35.87 104.15
85600.0000000 57131 34.43 108.97
85000.0000000 57131 34.43 108.97
70000.0000000 57131 34.43 108.97
62200.0000000 57131 34.43 108.97
61200.0000000 57131 34.43 108.97
50000.0000000 57131 34.43 108.97
43900.0000000 57131 34.43 108.97
42600.0000000 57131 34.43 108.97
41900.0000000 57131 34.43 108.97
40100.0000000 57131 34.43 108.97
40000.0000000 57131 34.43 108.97
30000.0000000 57131 34.43 108.97
27600.0000000 57131 34.43 108.97
25000.0000000 57131 34.43 108.97
21000.0000000 57131 34.43 108.97
20000.0000000 57131 34.43 108.97
15900.0000000 57131 34.43 108.97
70000.0000000 53915 35.55 106.67
62000.0000000 53915 35.55 106.67
50000.0000000 53915 35.55 106.67
48900.0000000 53915 35.55 106.67
47500.0000000 53915 35.55 106.67
44000.0000000 53915 35.55 106.67
40400.0000000 53915 35.55 106.67
40000.0000000 53915 35.55 106.67
34700.0000000 53915 35.55 106.67
33200.0000000 53915 35.55 106.67
30000.0000000 53915 35.55 106.67
29100.0000000 53915 35.55 106.67
25000.0000000 53915 35.55 106.67
20000.0000000 53915 35.55 106.67
19900.0000000 53915 35.55 106.67
95500.0000000 57083 34.72 113.65
95300.0000000 57083 34.72 113.65
92500.0000000 57083 34.72 113.65
85000.0000000 57083 34.72 113.65
70000.0000000 57083 34.72 113.65
59700.0000000 57083 34.72 113.65
52900.0000000 57083 34.72 113.65
52200.0000000 57083 34.72 113.65
50000.0000000 57083 34.72 113.65
48800.0000000 57083 34.72 113.65
42400.0000000 57083 34.72 113.65
41700.0000000 57083 34.72 113.65
40000.0000000 57083 34.72 113.65
38700.0000000 57083 34.72 113.65
30000.0000000 57083 34.72 113.65
25500.0000000 57083 34.72 113.65
25000.0000000 57083 34.72 113.65
20000.0000000 57083 34.72 113.65
16200.0000000 57083 34.72 113.65
96400.0000000 58027 34.28 117.15
95000.0000000 58027 34.28 117.15
92500.0000000 58027 34.28 117.15
85000.0000000 58027 34.28 117.15
70000.0000000 58027 34.28 117.15
59200.0000000 58027 34.28 117.15
52800.0000000 58027 34.28 117.15
50000.0000000 58027 34.28 117.15
48800.0000000 58027 34.28 117.15
44600.0000000 58027 34.28 117.15
40000.0000000 58027 34.28 117.15
39000.0000000 58027 34.28 117.15
36400.0000000 58027 34.28 117.15
30000.0000000 58027 34.28 117.15
28500.0000000 58027 34.28 117.15
25000.0000000 58027 34.28 117.15
20000.0000000 58027 34.28 117.15
19700.0000000 58027 34.28 117.15
100000.0000000 58150 33.77 120.25
97500.0000000 58150 33.77 120.25
96100.0000000 58150 33.77 120.25
92500.0000000 58150 33.77 120.25
87300.0000000 58150 33.77 120.25
85000.0000000 58150 33.77 120.25
70000.0000000 58150 33.77 120.25
59700.0000000 58150 33.77 120.25
58600.0000000 58150 33.77 120.25
56500.0000000 58150 33.77 120.25
50500.0000000 58150 33.77 120.25
50000.0000000 58150 33.77 120.25
40100.0000000 58150 33.77 120.25
40000.0000000 58150 33.77 120.25
37800.0000000 58150 33.77 120.25
36200.0000000 58150 33.77 120.25
30000.0000000 58150 33.77 120.25
29200.0000000 58150 33.77 120.25
25000.0000000 58150 33.77 120.25
20000.0000000 58150 33.77 120.25
18800.0000000 58150 33.77 120.25
70000.0000000 52818 36.42 94.90
58900.0000000 52818 36.42 94.90
56200.0000000 52818 36.42 94.90
50200.0000000 52818 36.42 94.90
50000.0000000 52818 36.42 94.90
47200.0000000 52818 36.42 94.90
40000.0000000 52818 36.42 94.90
39700.0000000 52818 36.42 94.90
38600.0000000 52818 36.42 94.90
34100.0000000 52818 36.42 94.90
33200.0000000 52818 36.42 94.90
31900.0000000 52818 36.42 94.90
30200.0000000 52818 36.42 94.90
30000.0000000 52818 36.42 94.90
25900.0000000 52818 36.42 94.90
25000.0000000 52818 36.42 94.90
23700.0000000 52818 36.42 94.90
20400.0000000 52818 36.42 94.90
20000.0000000 52818 36.42 94.90
15100.0000000 52818 36.42 94.90
59400.0000000 52836 36.30 98.10
56000.0000000 52836 36.30 98.10
50000.0000000 52836 36.30 98.10
42900.0000000 52836 36.30 98.10
41000.0000000 52836 36.30 98.10
40000.0000000 52836 36.30 98.10
34200.0000000 52836 36.30 98.10
30000.0000000 52836 36.30 98.10
25000.0000000 52836 36.30 98.10
24800.0000000 52836 36.30 98.10
20000.0000000 52836 36.30 98.10
15500.0000000 52836 36.30 98.10
70000.0000000 52866 36.72 101.75
69400.0000000 52866 36.72 101.75
54500.0000000 52866 36.72 101.75
50000.0000000 52866 36.72 101.75
44900.0000000 52866 36.72 101.75
44000.0000000 52866 36.72 101.75
41800.0000000 52866 36.72 101.75
40000.0000000 52866 36.72 101.75
35500.0000000 52866 36.72 101.75
30400.0000000 52866 36.72 101.75
30000.0000000 52866 36.72 101.75
26900.0000000 52866 36.72 101.75
25000.0000000 52866 36.72 101.75
20000.0000000 52866 36.72 101.75
18600.0000000 52866 36.72 101.75
15000.0000000 52866 36.72 101.75
85000.0000000 53845 36.57 109.45
77400.0000000 53845 36.57 109.45
71800.0000000 53845 36.57 109.45
70000.0000000 53845 36.57 109.45
67200.0000000 53845 36.57 109.45
61300.0000000 53845 36.57 109.45
59400.0000000 53845 36.57 109.45
58300.0000000 53845 36.57 109.45
55000.0000000 53845 36.57 109.45
52300.0000000 53845 36.57 109.45
50000.0000000 53845 36.57 109.45
47300.0000000 53845 36.57 109.45
42900.0000000 53845 36.57 109.45
40000.0000000 53845 36.57 109.45
38500.0000000 53845 36.57 109.45
30000.0000000 53845 36.57 109.45
27600.0000000 53845 36.57 109.45
25000.0000000 53845 36.57 109.45
20000.0000000 53845 36.57 109.45
19800.0000000 53845 36.57 109.45
15300.0000000 53845 36.57 109.45
92500.0000000 53798 37.17 114.35
85000.0000000 53798 37.17 114.35
83700.0000000 53798 37.17 114.35
70000.0000000 53798 37.17 114.35
61500.0000000 53798 37.17 114.35
58000.0000000 53798 37.17 114.35
56500.0000000 53798 37.17 114.35
54100.0000000 53798 37.17 114.35
53100.0000000 53798 37.17 114.35
50000.0000000 53798 37.17 114.35
47900.0000000 53798 37.17 114.35
46500.0000000 53798 37.17 114.35
44500.0000000 53798 37.17 114.35
40000.0000000 53798 37.17 114.35
38400.0000000 53798 37.17 114.35
35300.0000000 53798 37.17 114.35
30000.0000000 53798 37.17 114.35
25000.0000000 53798 37.17 114.35
21200.0000000 53798 37.17 114.35
20000.0000000 53798 37.17 114.35
15000.0000000 53798 37.17 114.35
14900.0000000 53798 37.17 114.35
92600.0000000 54727 36.68 117.55
92500.0000000 54727 36.68 117.55
91900.0000000 54727 36.68 117.55
86800.0000000 54727 36.68 117.55
85000.0000000 54727 36.68 117.55
70000.0000000 54727 36.68 117.55
66000.0000000 54727 36.68 117.55
63300.0000000 54727 36.68 117.55
61100.0000000 54727 36.68 117.55
60600.0000000 54727 36.68 117.55
60200.0000000 54727 36.68 117.55
58200.0000000 54727 36.68 117.55
57900.0000000 54727 36.68 117.55
55200.0000000 54727 36.68 117.55
50000.0000000 54727 36.68 117.55
48000.0000000 54727 36.68 117.55
46600.0000000 54727 36.68 117.55
46300.0000000 54727 36.68 117.55
45600.0000000 54727 36.68 117.55
45200.0000000 54727 36.68 117.55
42800.0000000 54727 36.68 117.55
40000.0000000 54727 36.68 117.55
37300.0000000 54727 36.68 117.55
36200.0000000 54727 36.68 117.55
35500.0000000 54727 36.68 117.55
35300.0000000 54727 36.68 117.55
32500.0000000 54727 36.68 117.55
30000.0000000 54727 36.68 117.55
27800.0000000 54727 36.68 117.55
25000.0000000 54727 36.68 117.55
20200.0000000 54727 36.68 117.55
20000.0000000 54727 36.68 117.55
97200.0000000 54857 36.07 120.33
95600.0000000 54857 36.07 120.33
92500.0000000 54857 36.07 120.33
85000.0000000 54857 36.07 120.33
80800.0000000 54857 36.07 120.33
70000.0000000 54857 36.07 120.33
66000.0000000 54857 36.07 120.33
65000.0000000 54857 36.07 120.33
62600.0000000 54857 36.07 120.33
51700.0000000 54857 36.07 120.33
44300.0000000 54857 36.07 120.33
41500.0000000 54857 36.07 120.33
40000.0000000 54857 36.07 120.33
39900.0000000 54857 36.07 120.33
39400.0000000 54857 36.07 120.33
38300.0000000 54857 36.07 120.33
32700.0000000 54857 36.07 120.33
30000.0000000 54857 36.07 120.33
25000.0000000 54857 36.07 120.33
22800.0000000 54857 36.07 120.33
20000.0000000 54857 36.07 120.33
18600.0000000 54857 36.07 120.33
18200.0000000 54857 36.07 120.33
15000.0000000 54857 36.07 120.33
14500.0000000 54857 36.07 120.33
79400.0000000 51839 37.07 82.72
70000.0000000 51839 37.07 82.72
65100.0000000 51839 37.07 82.72
51100.0000000 51839 37.07 82.72
50400.0000000 51839 37.07 82.72
50000.0000000 51839 37.07 82.72
47400.0000000 51839 37.07 82.72
46900.0000000 51839 37.07 82.72
41500.0000000 51839 37.07 82.72
40000.0000000 51839 37.07 82.72
38600.0000000 51839 37.07 82.72
37700.0000000 51839 37.07 82.72
34900.0000000 51839 37.07 82.72
33200.0000000 51839 37.07 82.72
30000.0000000 51839 37.07 82.72
27500.0000000 51839 37.07 82.72
25000.0000000 51839 37.07 82.72
20000.0000000 51839 37.07 82.72
19400.0000000 51839 37.07 82.72
70000.0000000 51886 38.25 90.85
69700.0000000 51886 38.25 90.85
61700.0000000 51886 38.25 90.85
54600.0000000 51886 38.25 90.85
53600.0000000 51886 38.25 90.85
50800.0000000 51886 38.25 90.85
50000.0000000 51886 38.25 90.85
40000.0000000 51886 38.25 90.85
39700.0000000 51886 38.25 90.85
31300.0000000 51886 38.25 90.85
30000.0000000 51886 38.25 90.85
29600.0000000 51886 38.25 90.85
28300.0000000 51886 38.25 90.85
25000.0000000 51886 38.25 90.85
24500.0000000 51886 38.25 90.85
20000.0000000 51886 38.25 90.85
18300.0000000 51886 38.25 90.85
15000.0000000 51886 38.25 90.85
70200.0000000 52652 39.08 100.28
70000.0000000 52652 39.08 100.28
62900.0000000 52652 39.08 100.28
60300.0000000 52652 39.08 100.28
57900.0000000 52652 39.08 100.28
50000.0000000 52652 39.08 100.28
40000.0000000 52652 39.08 100.28
30000.0000000 52652 39.08 100.28
25000.0000000 52652 39.08 100.28
22900.0000000 52652 39.08 100.28
20800.0000000 52652 39.08 100.28
20000.0000000 52652 39.08 100.28
15000.0000000 52652 39.08 100.28
85000.0000000 52681 38.63 103.08
76400.0000000 52681 38.63 103.08
74300.0000000 52681 38.63 103.08
70500.0000000 52681 38.63 103.08
70000.0000000 52681 38.63 103.08
50100.0000000 52681 38.63 103.08
50000.0000000 52681 38.63 103.08
41200.0000000 52681 38.63 103.08
40000.0000000 52681 38.63 103.08
32600.0000000 52681 38.63 103.08
30000.0000000 52681 38.63 103.08
29700.0000000 52681 38.63 103.08
25900.0000000 52681 38.63 103.08
25000.0000000 52681 38.63 103.08
20800.0000000 52681 38.63 103.08
20000.0000000 52681 38.63 103.08
19600.0000000 52681 38.63 103.08
15000.0000000 52681 38.63 103.08
85000.0000000 53614 38.47 106.20
78600.0000000 53614 38.47 106.20
70000.0000000 53614 38.47 106.20
69700.0000000 53614 38.47 106.20
61600.0000000 53614 38.47 106.20
55500.0000000 53614 38.47 106.20
53600.0000000 53614 38.47 106.20
52000.0000000 53614 38.47 106.20
50600.0000000 53614 38.47 106.20
50000.0000000 53614 38.47 106.20
44200.0000000 53614 38.47 106.20
43200.0000000 53614 38.47 106.20
40900.0000000 53614 38.47 106.20
40000.0000000 53614 38.47 106.20
38500.0000000 53614 38.47 106.20
37000.0000000 53614 38.47 106.20
35700.0000000 53614 38.47 106.20
30000.0000000 53614 38.47 106.20
28100.0000000 53614 38.47 106.20
25000.0000000 53614 38.47 106.20
20700.0000000 53614 38.47 106.20
20000.0000000 53614 38.47 106.20
15200.0000000 53614 38.47 106.20
15000.0000000 53614 38.47 106.20
78300.0000000 53543 39.83 109.98
70000.0000000 53543 39.83 109.98
67100.0000000 53543 39.83 109.98
66300.0000000 53543 39.83 109.98
50000.0000000 53543 39.83 109.98
49400.0000000 53543 39.83 109.98
46500.0000000 53543 39.83 109.98
45800.0000000 53543 39.83 109.98
43500.0000000 53543 39.83 109.98
40100.0000000 53543 39.83 109.98
40000.0000000 53543 39.83 109.98
38500.0000000 53543 39.83 109.98
34800.0000000 53543 39.83 109.98
30000.0000000 53543 39.83 109.98
28300.0000000 53543 39.83 109.98
25000.0000000 53543 39.83 109.98
22700.0000000 53543 39.83 109.98
20000.0000000 53543 39.83 109.98
15000.0000000 53543 39.83 109.98
85000.0000000 53772 37.78 112.55
83500.0000000 53772 37.78 112.55
70000.0000000 53772 37.78 112.55
64400.0000000 53772 37.78 112.55
63300.0000000 53772 37.78 112.55
59500.0000000 53772 37.78 112.55
56100.0000000 53772 37.78 112.55
52600.0000000 53772 37.78 112.55
51200.0000000 53772 37.78 112.55
50000.0000000 53772 37.78 112.55
44300.0000000 53772 37.78 112.55
43700.0000000 53772 37.78 112.55
42300.0000000 53772 37.78 112.55
40000.0000000 53772 37.78 112.55
37800.0000000 53772 37.78 112.55
33200.0000000 53772 37.78 112.55
32300.0000000 53772 37.78 112.55
30000.0000000 53772 37.78 112.55
28600.0000000 53772 37.78 112.55
25000.0000000 53772 37.78 112.55
21800.0000000 53772 37.78 112.55
20000.0000000 53772 37.78 112.55
18100.0000000 53772 37.78 112.55
99800.0000000 54778 37.17 122.48
92500.0000000 54778 37.17 122.48
88600.0000000 54778 37.17 122.48
87300.0000000 54778 37.17 122.48
86000.0000000 54778 37.17 122.48
85000.0000000 54778 37.17 122.48
83000.0000000 54778 37.17 122.48
74900.0000000 54778 37.17 122.48
71700.0000000 54778 37.17 122.48
70600.0000000 54778 37.17 122.48
70000.0000000 54778 37.17 122.48
66800.0000000 54778 37.17 122.48
62400.0000000 54778 37.17 122.48
59600.0000000 54778 37.17 122.48
55600.0000000 54778 37.17 122.48
50000.0000000 54778 37.17 122.48
43600.0000000 54778 37.17 122.48
40900.0000000 54778 37.17 122.48
40000.0000000 54778 37.17 122.48
35500.0000000 54778 37.17 122.48
30000.0000000 54778 37.17 122.48
25000.0000000 54778 37.17 122.48
23600.0000000 54778 37.17 122.48
20000.0000000 54778 37.17 122.48
18200.0000000 54778 37.17 122.48
85000.0000000 51828 37.13 79.93
70000.0000000 51828 37.13 79.93
64000.0000000 51828 37.13 79.93
50000.0000000 51828 37.13 79.93
40000.0000000 51828 37.13 79.93
38000.0000000 51828 37.13 79.93
32700.0000000 51828 37.13 79.93
31100.0000000 51828 37.13 79.93
30000.0000000 51828 37.13 79.93
27200.0000000 51828 37.13 79.93
25000.0000000 51828 37.13 79.93
20000.0000000 51828 37.13 79.93
89000.0000000 51777 39.03 88.17
86700.0000000 51777 39.03 88.17
85000.0000000 51777 39.03 88.17
73400.0000000 51777 39.03 88.17
70000.0000000 51777 39.03 88.17
66100.0000000 51777 39.03 88.17
64500.0000000 51777 39.03 88.17
62500.0000000 51777 39.03 88.17
58400.0000000 51777 39.03 88.17
55600.0000000 51777 39.03 88.17
50000.0000000 51777 39.03 88.17
49500.0000000 51777 39.03 88.17
47900.0000000 51777 39.03 88.17
42500.0000000 51777 39.03 88.17
40000.0000000 51777 39.03 88.17
37900.0000000 51777 39.03 88.17
33300.0000000 51777 39.03 88.17
30000.0000000 51777 39.03 88.17
26600.0000000 51777 39.03 88.17
25000.0000000 51777 39.03 88.17
22100.0000000 51777 39.03 88.17
20000.0000000 51777 39.03 88.17
15000.0000000 51777 39.03 88.17
87200.0000000 52418 40.15 94.68
85000.0000000 52418 40.15 94.68
84700.0000000 52418 40.15 94.68
77800.0000000 52418 40.15 94.68
70000.0000000 52418 40.15 94.68
57600.0000000 52418 40.15 94.68
57000.0000000 52418 40.15 94.68
55100.0000000 52418 40.15 94.68
53200.0000000 52418 40.15 94.68
50900.0000000 52418 40.15 94.68
50000.0000000 52418 40.15 94.68
40000.0000000 52418 40.15 94.68
35000.0000000 52418 40.15 94.68
34100.0000000 52418 40.15 94.68
31600.0000000 52418 40.15 94.68
30700.0000000 52418 40.15 94.68
30000.0000000 52418 40.15 94.68
29300.0000000 52418 40.15 94.68
25000.0000000 52418 40.15 94.68
24900.0000000 52418 40.15 94.68
20000.0000000 52418 40.15 94.68
18600.0000000 52418 40.15 94.68
15000.0000000 52418 40.15 94.68
81400.0000000 52323 41.80 97.03
80600.0000000 52323 41.80 97.03
72000.0000000 52323 41.80 97.03
70000.0000000 52323 41.80 97.03
63300.0000000 52323 41.80 97.03
56100.0000000 52323 41.80 97.03
55500.0000000 52323 41.80 97.03
53500.0000000 52323 41.80 97.03
52600.0000000 52323 41.80 97.03
50000.0000000 52323 41.80 97.03
45800.0000000 52323 41.80 97.03
45000.0000000 52323 41.80 97.03
42300.0000000 52323 41.80 97.03
40000.0000000 52323 41.80 97.03
32900.0000000 52323 41.80 97.03
31700.0000000 52323 41.80 97.03
30000.0000000 52323 41.80 97.03
27000.0000000 52323 41.80 97.03
25000.0000000 52323 41.80 97.03
22500.0000000 52323 41.80 97.03
20000.0000000 52323 41.80 97.03
17400.0000000 52323 41.80 97.03
15000.0000000 52323 41.80 97.03
14300.0000000 52323 41.80 97.03
89100.0000000 52267 41.95 101.07
88500.0000000 52267 41.95 101.07
85000.0000000 52267 41.95 101.07
70000.0000000 52267 41.95 101.07
64300.0000000 52267 41.95 101.07
53300.0000000 52267 41.95 101.07
50000.0000000 52267 41.95 101.07
42400.0000000 52267 41.95 101.07
41500.0000000 52267 41.95 101.07
40100.0000000 52267 41.95 101.07
40000.0000000 52267 41.95 101.07
37700.0000000 52267 41.95 101.07
32800.0000000 52267 41.95 101.07
30000.0000000 52267 41.95 101.07
25000.0000000 52267 41.95 101.07
20000.0000000 52267 41.95 101.07
15000.0000000 52267 41.95 101.07
14400.0000000 52267 41.95 101.07
85000.0000000 53336 41.57 108.52
70000.0000000 53336 41.57 108.52
50000.0000000 53336 41.57 108.52
40000.0000000 53336 41.57 108.52
38600.0000000 53336 41.57 108.52
30000.0000000 53336 41.57 108.52
25300.0000000 53336 41.57 108.52
25000.0000000 53336 41.57 108.52
24200.0000000 53336 41.57 108.52
20000.0000000 53336 41.57 108.52
17700.0000000 53336 41.57 108.52
15000.0000000 53336 41.57 108.52
13700.0000000 53336 41.57 108.52
85100.0000000 53513 40.73 107.37
85000.0000000 53513 40.73 107.37
80500.0000000 53513 40.73 107.37
75500.0000000 53513 40.73 107.37
70000.0000000 53513 40.73 107.37
65500.0000000 53513 40.73 107.37
62100.0000000 53513 40.73 107.37
50000.0000000 53513 40.73 107.37
41300.0000000 53513 40.73 107.37
40000.0000000 53513 40.73 107.37
31800.0000000 53513 40.73 107.37
30000.0000000 53513 40.73 107.37
25000.0000000 53513 40.73 107.37
24400.0000000 53513 40.73 107.37
20000.0000000 53513 40.73 107.37
15900.0000000 53513 40.73 107.37
15000.0000000 53513 40.73 107.37
13100.0000000 53513 40.73 107.37
85000.0000000 53463 40.82 111.68
74000.0000000 53463 40.82 111.68
70000.0000000 53463 40.82 111.68
58400.0000000 53463 40.82 111.68
40000.0000000 53463 40.82 111.68
35500.0000000 53463 40.82 111.68
30000.0000000 53463 40.82 111.68
28200.0000000 53463 40.82 111.68
25000.0000000 53463 40.82 111.68
20100.0000000 53463 40.82 111.68
20000.0000000 53463 40.82 111.68
16500.0000000 53463 40.82 111.68
15000.0000000 53463 40.82 111.68
90800.0000000 54401 40.77 114.92
90400.0000000 54401 40.77 114.92
85000.0000000 54401 40.77 114.92
70000.0000000 54401 40.77 114.92
67800.0000000 54401 40.77 114.92
65500.0000000 54401 40.77 114.92
50000.0000000 54401 40.77 114.92
49100.0000000 54401 40.77 114.92
40000.0000000 54401 40.77 114.92
30900.0000000 54401 40.77 114.92
30000.0000000 54401 40.77 114.92
25000.0000000 54401 40.77 114.92
20600.0000000 54401 40.77 114.92
20000.0000000 54401 40.77 114.92
17500.0000000 54401 40.77 114.92
15000.0000000 54401 40.77 114.92
96900.0000000 54539 39.43 118.88
94700.0000000 54539 39.43 118.88
92500.0000000 54539 39.43 118.88
85000.0000000 54539 39.43 118.88
70000.0000000 54539 39.43 118.88
69200.0000000 54539 39.43 118.88
61300.0000000 54539 39.43 118.88
60300.0000000 54539 39.43 118.88
58700.0000000 54539 39.43 118.88
56900.0000000 54539 39.43 118.88
50000.0000000 54539 39.43 118.88
25000.0000000 54539 39.43 118.88
22000.0000000 54539 39.43 118.88
21700.0000000 54539 39.43 118.88
20000.0000000 54539 39.43 118.88
15600.0000000 54539 39.43 118.88
15000.0000000 54539 39.43 118.88
14100.0000000 54539 39.43 118.88
13400.0000000 54539 39.43 118.88
92500.0000000 54662 38.90 121.63
78500.0000000 54662 38.90 121.63
71600.0000000 54662 38.90 121.63
70900.0000000 54662 38.90 121.63
70600.0000000 54662 38.90 121.63
70000.0000000 54662 38.90 121.63
69100.0000000 54662 38.90 121.63
66300.0000000 54662 38.90 121.63
63900.0000000 54662 38.90 121.63
63600.0000000 54662 38.90 121.63
62800.0000000 54662 38.90 121.63
61400.0000000 54662 38.90 121.63
60400.0000000 54662 38.90 121.63
59500.0000000 54662 38.90 121.63
50000.0000000 54662 38.90 121.63
49900.0000000 54662 38.90 121.63
48000.0000000 54662 38.90 121.63
47300.0000000 54662 38.90 121.63
44300.0000000 54662 38.90 121.63
42900.0000000 54662 38.90 121.63
40000.0000000 54662 38.90 121.63
39200.0000000 54662 38.90 121.63
37200.0000000 54662 38.90 121.63
30000.0000000 54662 38.90 121.63
28800.0000000 54662 38.90 121.63
25000.0000000 54662 38.90 121.63
22300.0000000 54662 38.90 121.63
20000.0000000 54662 38.90 121.63
18100.0000000 54662 38.90 121.63
16700.0000000 54662 38.90 121.63
15600.0000000 54662 38.90 121.63
15000.0000000 54662 38.90 121.63
92500.0000000 54511 39.80 116.47
85000.0000000 54511 39.80 116.47
70000.0000000 54511 39.80 116.47
50000.0000000 54511 39.80 116.47
40000.0000000 54511 39.80 116.47
30000.0000000 54511 39.80 116.47
25000.0000000 54511 39.80 116.47
20000.0000000 54511 39.80 116.47
85000.0000000 51709 39.47 75.98
79900.0000000 51709 39.47 75.98
70000.0000000 51709 39.47 75.98
59800.0000000 51709 39.47 75.98
50000.0000000 51709 39.47 75.98
42700.0000000 51709 39.47 75.98
40000.0000000 51709 39.47 75.98
28800.0000000 51709 39.47 75.98
25000.0000000 51709 39.47 75.98
20000.0000000 51709 39.47 75.98
18800.0000000 51709 39.47 75.98
15000.0000000 51709 39.47 75.98
87900.0000000 51644 41.72 82.97
86700.0000000 51644 41.72 82.97
85000.0000000 51644 41.72 82.97
71800.0000000 51644 41.72 82.97
70000.0000000 51644 41.72 82.97
61700.0000000 51644 41.72 82.97
58000.0000000 51644 41.72 82.97
54200.0000000 51644 41.72 82.97
50000.0000000 51644 41.72 82.97
49000.0000000 51644 41.72 82.97
47100.0000000 51644 41.72 82.97
43500.0000000 51644 41.72 82.97
42500.0000000 51644 41.72 82.97
40000.0000000 51644 41.72 82.97
35900.0000000 51644 41.72 82.97
30000.0000000 51644 41.72 82.97
25000.0000000 51644 41.72 82.97
24400.0000000 51644 41.72 82.97
22800.0000000 51644 41.72 82.97
20000.0000000 51644 41.72 82.97
17800.0000000 51644 41.72 82.97
15000.0000000 51644 41.72 82.97
85000.0000000 51656 41.75 86.13
75800.0000000 51656 41.75 86.13
70000.0000000 51656 41.75 86.13
66300.0000000 51656 41.75 86.13
62000.0000000 51656 41.75 86.13
61200.0000000 51656 41.75 86.13
60000.0000000 51656 41.75 86.13
57600.0000000 51656 41.75 86.13
53100.0000000 51656 41.75 86.13
50000.0000000 51656 41.75 86.13
47800.0000000 51656 41.75 86.13
42000.0000000 51656 41.75 86.13
41400.0000000 51656 41.75 86.13
40000.0000000 51656 41.75 86.13
36900.0000000 51656 41.75 86.13
34200.0000000 51656 41.75 86.13
32000.0000000 51656 41.75 86.13
30000.0000000 51656 41.75 86.13
25300.0000000 51656 41.75 86.13
25000.0000000 51656 41.75 86.13
24800.0000000 51656 41.75 86.13
20000.0000000 51656 41.75 86.13
18400.0000000 51656 41.75 86.13
15000.0000000 51656 41.75 86.13
88200.0000000 51628 41.17 80.23
86600.0000000 51628 41.17 80.23
85000.0000000 51628 41.17 80.23
75400.0000000 51628 41.17 80.23
70000.0000000 51628 41.17 80.23
64400.0000000 51628 41.17 80.23
50000.0000000 51628 41.17 80.23
46400.0000000 51628 41.17 80.23
40000.0000000 51628 41.17 80.23
33500.0000000 51628 41.17 80.23
30000.0000000 51628 41.17 80.23
25100.0000000 51628 41.17 80.23
25000.0000000 51628 41.17 80.23
23100.0000000 51628 41.17 80.23
20000.0000000 51628 41.17 80.23
18700.0000000 51628 41.17 80.23
15000.0000000 51628 41.17 80.23
13900.0000000 51628 41.17 80.23
89400.0000000 52203 42.82 93.52
85000.0000000 52203 42.82 93.52
70000.0000000 52203 42.82 93.52
69200.0000000 52203 42.82 93.52
67000.0000000 52203 42.82 93.52
55100.0000000 52203 42.82 93.52
50000.0000000 52203 42.82 93.52
49300.0000000 52203 42.82 93.52
40000.0000000 52203 42.82 93.52
30600.0000000 52203 42.82 93.52
30000.0000000 52203 42.82 93.52
25000.0000000 52203 42.82 93.52
24600.0000000 52203 42.82 93.52
20000.0000000 52203 42.82 93.52
16100.0000000 52203 42.82 93.52
15000.0000000 52203 42.82 93.52
13300.0000000 52203 42.82 93.52
85000.0000000 53068 43.63 111.95
71100.0000000 53068 43.63 111.95
70000.0000000 53068 43.63 111.95
69200.0000000 53068 43.63 111.95
58100.0000000 53068 43.63 111.95
50000.0000000 53068 43.63 111.95
49100.0000000 53068 43.63 111.95
48800.0000000 53068 43.63 111.95
46600.0000000 53068 43.63 111.95
40000.0000000 53068 43.63 111.95
30900.0000000 53068 43.63 111.95
30000.0000000 53068 43.63 111.95
25000.0000000 53068 43.63 111.95
23200.0000000 53068 43.63 111.95
21500.0000000 53068 43.63 111.95
20000.0000000 53068 43.63 111.95
15000.0000000 53068 43.63 111.95
14100.0000000 53068 43.63 111.95
88800.0000000 54218 42.30 118.83
85000.0000000 54218 42.30 118.83
78400.0000000 54218 42.30 118.83
70000.0000000 54218 42.30 118.83
66900.0000000 54218 42.30 118.83
65800.0000000 54218 42.30 118.83
60600.0000000 54218 42.30 118.83
52400.0000000 54218 42.30 118.83
50000.0000000 54218 42.30 118.83
46200.0000000 54218 42.30 118.83
40000.0000000 54218 42.30 118.83
36600.0000000 54218 42.30 118.83
36100.0000000 54218 42.30 118.83
35700.0000000 54218 42.30 118.83
35200.0000000 54218 42.30 118.83
32800.0000000 54218 42.30 118.83
31000.0000000 54218 42.30 118.83
30000.0000000 54218 42.30 118.83
25000.0000000 54218 42.30 118.83
22100.0000000 54218 42.30 118.83
21100.0000000 54218 42.30 118.83
20000.0000000 54218 42.30 118.83
15000.0000000 54218 42.30 118.83
13900.0000000 54218 42.30 118.83
13500.0000000 54218 42.30 118.83
93600.0000000 54374 41.80 126.88
92500.0000000 54374 41.80 126.88
85000.0000000 54374 41.80 126.88
83000.0000000 54374 41.80 126.88
80700.0000000 54374 41.80 126.88
70300.0000000 54374 41.80 126.88
70000.0000000 54374 41.80 126.88
64400.0000000 54374 41.80 126.88
55000.0000000 54374 41.80 126.88
50000.0000000 54374 41.80 126.88
46900.0000000 54374 41.80 126.88
40000.0000000 54374 41.80 126.88
33600.0000000 54374 41.80 126.88
30000.0000000 54374 41.80 126.88
25000.0000000 54374 41.80 126.88
22600.0000000 54374 41.80 126.88
20000.0000000 54374 41.80 126.88
17100.0000000 54374 41.80 126.88
15000.0000000 54374 41.80 126.88
12900.0000000 54374 41.80 126.88
10500.0000000 54374 41.80 126.88
10000.0000000 54374 41.80 126.88
92500.0000000 54342 41.73 123.52
85000.0000000 54342 41.73 123.52
81900.0000000 54342 41.73 123.52
67300.0000000 54342 41.73 123.52
66500.0000000 54342 41.73 123.52
54600.0000000 54342 41.73 123.52
50000.0000000 54342 41.73 123.52
48700.0000000 54342 41.73 123.52
41100.0000000 54342 41.73 123.52
40000.0000000 54342 41.73 123.52
30000.0000000 54342 41.73 123.52
29800.0000000 54342 41.73 123.52
25000.0000000 54342 41.73 123.52
21700.0000000 54342 41.73 123.52
20000.0000000 54342 41.73 123.52
17800.0000000 54342 41.73 123.52
15000.0000000 54342 41.73 123.52
14600.0000000 54342 41.73 123.52
79800.0000000 51288 45.37 90.53
74800.0000000 51288 45.37 90.53
70000.0000000 51288 45.37 90.53
66700.0000000 51288 45.37 90.53
63600.0000000 51288 45.37 90.53
58600.0000000 51288 45.37 90.53
54500.0000000 51288 45.37 90.53
50000.0000000 51288 45.37 90.53
49300.0000000 51288 45.37 90.53
40000.0000000 51288 45.37 90.53
31000.0000000 51288 45.37 90.53
30000.0000000 51288 45.37 90.53
25000.0000000 51288 45.37 90.53
23200.0000000 51288 45.37 90.53
20700.0000000 51288 45.37 90.53
20000.0000000 51288 45.37 90.53
15100.0000000 51288 45.37 90.53
15000.0000000 51288 45.37 90.53
14700.0000000 51288 45.37 90.53
12600.0000000 51288 45.37 90.53
11600.0000000 51288 45.37 90.53
10900.0000000 51288 45.37 90.53
10500.0000000 51288 45.37 90.53
9520.0000000 51288 45.37 90.53
85000.0000000 51463 43.78 87.65
73600.0000000 51463 43.78 87.65
70100.0000000 51463 43.78 87.65
70000.0000000 51463 43.78 87.65
69100.0000000 51463 43.78 87.65
67600.0000000 51463 43.78 87.65
57900.0000000 51463 43.78 87.65
54200.0000000 51463 43.78 87.65
53200.0000000 51463 43.78 87.65
50000.0000000 51463 43.78 87.65
40000.0000000 51463 43.78 87.65
36700.0000000 51463 43.78 87.65
33800.0000000 51463 43.78 87.65
30700.0000000 51463 43.78 87.65
30000.0000000 51463 43.78 87.65
28500.0000000 51463 43.78 87.65
25000.0000000 51463 43.78 87.65
23900.0000000 51463 43.78 87.65
22000.0000000 51463 43.78 87.65
20000.0000000 51463 43.78 87.65
19200.0000000 51463 43.78 87.65
16400.0000000 51463 43.78 87.65
15000.0000000 51463 43.78 87.65
85000.0000000 54102 43.95 116.12
80000.0000000 54102 43.95 116.12
76700.0000000 54102 43.95 116.12
70000.0000000 54102 43.95 116.12
59200.0000000 54102 43.95 116.12
50000.0000000 54102 43.95 116.12
40000.0000000 54102 43.95 116.12
39100.0000000 54102 43.95 116.12
35900.0000000 54102 43.95 116.12
35000.0000000 54102 43.95 116.12
30100.0000000 54102 43.95 116.12
30000.0000000 54102 43.95 116.12
28900.0000000 54102 43.95 116.12
25000.0000000 54102 43.95 116.12
22400.0000000 54102 43.95 116.12
20000.0000000 54102 43.95 116.12
19200.0000000 54102 43.95 116.12
15000.0000000 54102 43.95 116.12
11700.0000000 54102 43.95 116.12
10500.0000000 54102 43.95 116.12
93300.0000000 54135 43.60 122.27
92500.0000000 54135 43.60 122.27
90800.0000000 54135 43.60 122.27
85000.0000000 54135 43.60 122.27
84500.0000000 54135 43.60 122.27
70000.0000000 54135 43.60 122.27
69200.0000000 54135 43.60 122.27
67400.0000000 54135 43.60 122.27
65900.0000000 54135 43.60 122.27
62800.0000000 54135 43.60 122.27
60600.0000000 54135 43.60 122.27
58800.0000000 54135 43.60 122.27
58200.0000000 54135 43.60 122.27
56700.0000000 54135 43.60 122.27
54400.0000000 54135 43.60 122.27
51800.0000000 54135 43.60 122.27
50000.0000000 54135 43.60 122.27
49100.0000000 54135 43.60 122.27
40000.0000000 54135 43.60 122.27
37200.0000000 54135 43.60 122.27
30000.0000000 54135 43.60 122.27
28100.0000000 54135 43.60 122.27
25000.0000000 54135 43.60 122.27
22400.0000000 54135 43.60 122.27
20200.0000000 54135 43.60 122.27
20000.0000000 54135 43.60 122.27
17500.0000000 54135 43.60 122.27
15000.0000000 54135 43.60 122.27
12900.0000000 54135 43.60 122.27
92500.0000000 54161 43.90 125.22
85000.0000000 54161 43.90 125.22
73900.0000000 54161 43.90 125.22
70000.0000000 54161 43.90 125.22
57400.0000000 54161 43.90 125.22
53700.0000000 54161 43.90 125.22
50000.0000000 54161 43.90 125.22
46600.0000000 54161 43.90 125.22
40000.0000000 54161 43.90 125.22
32300.0000000 54161 43.90 125.22
30000.0000000 54161 43.90 125.22
25000.0000000 54161 43.90 125.22
23400.0000000 54161 43.90 125.22
20400.0000000 54161 43.90 125.22
20000.0000000 54161 43.90 125.22
15000.0000000 54161 43.90 125.22
13700.0000000 54161 43.90 125.22
10700.0000000 54161 43.90 125.22
10000.0000000 54161 43.90 125.22
7840.0000000 54161 43.90 125.22
7000.0000000 54161 43.90 125.22
92500.0000000 54292 42.87 129.50
90500.0000000 54292 42.87 129.50
89200.0000000 54292 42.87 129.50
87000.0000000 54292 42.87 129.50
85000.0000000 54292 42.87 129.50
79300.0000000 54292 42.87 129.50
71400.0000000 54292 42.87 129.50
70000.0000000 54292 42.87 129.50
64700.0000000 54292 42.87 129.50
63400.0000000 54292 42.87 129.50
63300.0000000 54292 42.87 129.50
63000.0000000 54292 42.87 129.50
60400.0000000 54292 42.87 129.50
57700.0000000 54292 42.87 129.50
54700.0000000 54292 42.87 129.50
53200.0000000 54292 42.87 129.50
52900.0000000 54292 42.87 129.50
52300.0000000 54292 42.87 129.50
50000.0000000 54292 42.87 129.50
46900.0000000 54292 42.87 129.50
46600.0000000 54292 42.87 129.50
45500.0000000 54292 42.87 129.50
43900.0000000 54292 42.87 129.50
42700.0000000 54292 42.87 129.50
40000.0000000 54292 42.87 129.50
39300.0000000 54292 42.87 129.50
37400.0000000 54292 42.87 129.50
30000.0000000 54292 42.87 129.50
29600.0000000 54292 42.87 129.50
25000.0000000 54292 42.87 129.50
20000.0000000 54292 42.87 129.50
92500.0000000 51431 43.95 81.33
91500.0000000 51431 43.95 81.33
85000.0000000 51431 43.95 81.33
81200.0000000 51431 43.95 81.33
70000.0000000 51431 43.95 81.33
67500.0000000 51431 43.95 81.33
52400.0000000 51431 43.95 81.33
51500.0000000 51431 43.95 81.33
50000.0000000 51431 43.95 81.33
45800.0000000 51431 43.95 81.33
40000.0000000 51431 43.95 81.33
34400.0000000 51431 43.95 81.33
31400.0000000 51431 43.95 81.33
30000.0000000 51431 43.95 81.33
28600.0000000 51431 43.95 81.33
25000.0000000 51431 43.95 81.33
24300.0000000 51431 43.95 81.33
20000.0000000 51431 43.95 81.33
19900.0000000 51431 43.95 81.33
15000.0000000 51431 43.95 81.33
12300.0000000 51431 43.95 81.33
11200.0000000 51431 43.95 81.33
10500.0000000 51431 43.95 81.33
10000.0000000 51431 43.95 81.33
94400.0000000 51243 45.62 84.85
92500.0000000 51243 45.62 84.85
88800.0000000 51243 45.62 84.85
85000.0000000 51243 45.62 84.85
70000.0000000 51243 45.62 84.85
65700.0000000 51243 45.62 84.85
60800.0000000 51243 45.62 84.85
55200.0000000 51243 45.62 84.85
53000.0000000 51243 45.62 84.85
52000.0000000 51243 45.62 84.85
50700.0000000 51243 45.62 84.85
50000.0000000 51243 45.62 84.85
45400.0000000 51243 45.62 84.85
40000.0000000 51243 45.62 84.85
30000.0000000 51243 45.62 84.85
27900.0000000 51243 45.62 84.85
27400.0000000 51243 45.62 84.85
25000.0000000 51243 45.62 84.85
24300.0000000 51243 45.62 84.85
20000.0000000 51243 45.62 84.85
18300.0000000 51243 45.62 84.85
15000.0000000 51243 45.62 84.85
12200.0000000 51243 45.62 84.85
10500.0000000 51243 45.62 84.85
10000.0000000 51243 45.62 84.85
8330.0000000 51243 45.62 84.85
7000.0000000 51243 45.62 84.85
85000.0000000 50834 46.60 121.22
80400.0000000 50834 46.60 121.22
70000.0000000 50834 46.60 121.22
56100.0000000 50834 46.60 121.22
52000.0000000 50834 46.60 121.22
50000.0000000 50834 46.60 121.22
49200.0000000 50834 46.60 121.22
40000.0000000 50834 46.60 121.22
30200.0000000 50834 46.60 121.22
30000.0000000 50834 46.60 121.22
25000.0000000 50834 46.60 121.22
21400.0000000 50834 46.60 121.22
20000.0000000 50834 46.60 121.22
18000.0000000 50834 46.60 121.22
15000.0000000 50834 46.60 121.22
13400.0000000 50834 46.60 121.22
10500.0000000 50834 46.60 121.22
10000.0000000 50834 46.60 121.22
7780.0000000 50834 46.60 121.22
7000.0000000 50834 46.60 121.22
92500.0000000 50953 45.75 126.77
91400.0000000 50953 45.75 126.77
85000.0000000 50953 45.75 126.77
70000.0000000 50953 45.75 126.77
63400.0000000 50953 45.75 126.77
56100.0000000 50953 45.75 126.77
54100.0000000 50953 45.75 126.77
53600.0000000 50953 45.75 126.77
50000.0000000 50953 45.75 126.77
49600.0000000 50953 45.75 126.77
40400.0000000 50953 45.75 126.77
40000.0000000 50953 45.75 126.77
30000.0000000 50953 45.75 126.77
28700.0000000 50953 45.75 126.77
25000.0000000 50953 45.75 126.77
20400.0000000 50953 45.75 126.77
20000.0000000 50953 45.75 126.77
15900.0000000 50953 45.75 126.77
15000.0000000 50953 45.75 126.77
10500.0000000 50953 45.75 126.77
10000.0000000 50953 45.75 126.77
7430.0000000 50953 45.75 126.77
7000.0000000 50953 45.75 126.77
93200.0000000 51133 46.73 83.00
92500.0000000 51133 46.73 83.00
85000.0000000 51133 46.73 83.00
70800.0000000 51133 46.73 83.00
70000.0000000 51133 46.73 83.00
53800.0000000 51133 46.73 83.00
53200.0000000 51133 46.73 83.00
52600.0000000 51133 46.73 83.00
51500.0000000 51133 46.73 83.00
50000.0000000 51133 46.73 83.00
46500.0000000 51133 46.73 83.00
44600.0000000 51133 46.73 83.00
41000.0000000 51133 46.73 83.00
40000.0000000 51133 46.73 83.00
39800.0000000 51133 46.73 83.00
30000.0000000 51133 46.73 83.00
28800.0000000 51133 46.73 83.00
25600.0000000 51133 46.73 83.00
25000.0000000 51133 46.73 83.00
21400.0000000 51133 46.73 83.00
20000.0000000 51133 46.73 83.00
17900.0000000 51133 46.73 83.00
17000.0000000 51133 46.73 83.00
15000.0000000 51133 46.73 83.00
13700.0000000 51133 46.73 83.00
12100.0000000 51133 46.73 83.00
10500.0000000 51133 46.73 83.00
10000.0000000 51133 46.73 83.00
9200.0000000 51133 46.73 83.00
8320.0000000 51133 46.73 83.00
7430.0000000 51133 46.73 83.00
7000.0000000 51133 46.73 83.00
90900.0000000 51076 47.73 88.08
85100.0000000 51076 47.73 88.08
85000.0000000 51076 47.73 88.08
70000.0000000 51076 47.73 88.08
66800.0000000 51076 47.73 88.08
54400.0000000 51076 47.73 88.08
51300.0000000 51076 47.73 88.08
50000.0000000 51076 47.73 88.08
47600.0000000 51076 47.73 88.08
43500.0000000 51076 47.73 88.08
42100.0000000 51076 47.73 88.08
40000.0000000 51076 47.73 88.08
39700.0000000 51076 47.73 88.08
30000.0000000 51076 47.73 88.08
26600.0000000 51076 47.73 88.08
25000.0000000 51076 47.73 88.08
23200.0000000 51076 47.73 88.08
20000.0000000 51076 47.73 88.08
17700.0000000 51076 47.73 88.08
15000.0000000 51076 47.73 88.08
14000.0000000 51076 47.73 88.08
11000.0000000 51076 47.73 88.08
10500.0000000 51076 47.73 88.08
10000.0000000 51076 47.73 88.08
8150.0000000 51076 47.73 88.08
7000.0000000 51076 47.73 88.08
92600.0000000 50527 49.25 119.70
92500.0000000 50527 49.25 119.70
85000.0000000 50527 49.25 119.70
70000.0000000 50527 49.25 119.70
61500.0000000 50527 49.25 119.70
50000.0000000 50527 49.25 119.70
42600.0000000 50527 49.25 119.70
40000.0000000 50527 49.25 119.70
34100.0000000 50527 49.25 119.70
30000.0000000 50527 49.25 119.70
25900.0000000 50527 49.25 119.70
25000.0000000 50527 49.25 119.70
22500.0000000 50527 49.25 119.70
20000.0000000 50527 49.25 119.70
15400.0000000 50527 49.25 119.70
15000.0000000 50527 49.25 119.70
10500.0000000 50527 49.25 119.70
10000.0000000 50527 49.25 119.70
7920.0000000 50527 49.25 119.70
7000.0000000 50527 49.25 119.70
92500.0000000 50745 47.38 123.92
85000.0000000 50745 47.38 123.92
81700.0000000 50745 47.38 123.92
70000.0000000 50745 47.38 123.92
53300.0000000 50745 47.38 123.92
32700.0000000 50745 47.38 123.92
30000.0000000 50745 47.38 123.92
25000.0000000 50745 47.38 123.92
23400.0000000 50745 47.38 123.92
20000.0000000 50745 47.38 123.92
18300.0000000 50745 47.38 123.92
15000.0000000 50745 47.38 123.92
13900.0000000 50745 47.38 123.92
10500.0000000 50745 47.38 123.92
10000.0000000 50745 47.38 123.92
7070.0000000 50745 47.38 123.92
7000.0000000 50745 47.38 123.92
92500.0000000 50774 47.73 128.92
85000.0000000 50774 47.73 128.92
70000.0000000 50774 47.73 128.92
67800.0000000 50774 47.73 128.92
50000.0000000 50774 47.73 128.92
41600.0000000 50774 47.73 128.92
40900.0000000 50774 47.73 128.92
40000.0000000 50774 47.73 128.92
38700.0000000 50774 47.73 128.92
30000.0000000 50774 47.73 128.92
28300.0000000 50774 47.73 128.92
25000.0000000 50774 47.73 128.92
20000.0000000 50774 47.73 128.92
19600.0000000 50774 47.73 128.92
92500.0000000 50557 49.17 125.23
85000.0000000 50557 49.17 125.23
70000.0000000 50557 49.17 125.23
55500.0000000 50557 49.17 125.23
53500.0000000 50557 49.17 125.23
51500.0000000 50557 49.17 125.23
50000.0000000 50557 49.17 125.23
45800.0000000 50557 49.17 125.23
40200.0000000 50557 49.17 125.23
40000.0000000 50557 49.17 125.23
38500.0000000 50557 49.17 125.23
37300.0000000 50557 49.17 125.23
34400.0000000 50557 49.17 125.23
30000.0000000 50557 49.17 125.23
26000.0000000 50557 49.17 125.23
25000.0000000 50557 49.17 125.23
20000.0000000 50557 49.17 125.23
19700.0000000 50557 49.17 125.23
15500.0000000 50557 49.17 125.23
15000.0000000 50557 49.17 125.23
10500.0000000 50557 49.17 125.23
10000.0000000 50557 49.17 125.23
7500.0000000 50557 49.17 125.23
7000.0000000 50557 49.17 125.23
87000.0000000 57816 26.58 106.73
100100.0000000 58606 28.60 115.92
99900.0000000 58633 29.00 118.90
72200.0000000 52818 36.42 94.90
87200.0000000 53845 36.57 109.45
99700.0000000 54857 36.07 120.33
85700.0000000 51828 37.13 79.93
90200.0000000 51777 39.03 88.17
99600.0000000 54662 38.90 121.63
82900.0000000 51288 45.37 90.53
97400.0000000 54161 43.90 125.22
