50527
50557
50745
50774
50834
50953
51076
51133
51243
51288
51431
51463
51628
51644
51656
51709
51777
51828
51839
51886
52203
52267
52323
52418
52652
52681
52818
52836
52866
52983
53068
53336
53463
53513
53543
53614
53772
53798
53845
53915
54102
54135
54161
54218
54292
54342
54374
54401
54511
54539
54662
54727
54778
54857
55299
55591
55664
56004
56029
56046
56080
56096
56137
56146
56173
56187
56247
56312
56492
56571
56651
56691
56739
56778
57083
57127
57131
57178
57245
57328
57447
57461
57494
57516
57679
57816
57957
57972
57993
58027
58150
58203
58238
58362
58424
58457
58606
58633
58665
58725
58847
59023
59134
59211
59280
59293
59316
