50527 49.25 119.70
50557 49.17 125.23
50745 47.38 123.92
50774 47.73 128.92
50834 46.60 121.22
50953 45.75 126.77
51076 47.73 88.08
51133 46.73 83.00
51243 45.62 84.85
51288 45.37 90.53
51431 43.95 81.33
51463 43.78 87.65
51628 41.17 80.23
51644 41.72 82.97
51656 41.75 86.13
51709 39.47 75.98
51777 39.03 88.17
51828 37.13 79.93
51839 37.07 82.72
51886 38.25 90.85
52203 42.82 93.52
52267 41.95 101.07
52323 41.80 97.03
52418 40.15 94.68
52652 39.08 100.28
52681 38.63 103.08
52818 36.42 94.90
52836 36.30 98.10
52866 36.72 101.75
52983 35.87 104.15
53068 43.63 111.95
53336 41.57 108.52
53463 40.82 111.68
53513 40.73 107.37
53543 39.83 109.98
53614 38.47 106.20
53772 37.78 112.55
53798 37.17 114.35
53845 36.57 109.45
53915 35.55 106.67
54102 43.95 116.12
54135 43.60 122.27
54161 43.90 125.22
54218 42.30 118.83
54292 42.87 129.50
54342 41.73 123.52
54374 41.80 126.88
54401 40.77 114.92
54511 39.80 116.47
54539 39.43 118.88
54662 38.90 121.63
54727 36.68 117.55
54778 37.17 122.48
54857 36.07 120.33
55299 31.48 92.07
55591 29.67 91.13
55664 28.63 87.08
56004 34.22 92.43
56029 33.00 96.97
56046 33.75 99.65
56080 35.00 102.90
56096 33.40 104.92
56137 31.15 97.17
56146 31.62 100.00
56173 32.80 102.55
56187 30.75 103.87
56247 30.00 99.10
56312 29.67 94.33
56492 28.80 104.60
56571 27.90 102.27
56651 26.85 100.22
56691 26.87 104.28
56739 25.02 98.50
56778 25.00 102.65
57083 34.72 113.65
57127 33.07 107.03
57131 34.43 108.97
57178 33.03 112.58
57245 32.72 109.03
57328 31.20 107.50
57447 30.28 109.47
57461 30.70 111.30
57494 30.60 114.05
57516 29.58 106.47
57679 28.20 113.08
57816 26.58 106.73
57957 25.32 110.30
57972 25.80 113.03
57993 25.87 115.00
58027 34.28 117.15
58150 33.77 120.25
58203 32.90 115.83
58238 31.93 118.90
58362 31.40 121.45
58424 30.53 117.05
58457 30.23 120.17
58606 28.60 115.92
58633 29.00 118.90
58665 28.62 121.42
58725 27.33 117.47
58847 26.08 119.28
59023 24.70 108.03
59134 24.48 118.07
59211 23.90 106.60
59280 23.70 113.08
59293 23.78 114.73
59316 23.40 116.68
