>850hPa	850-500hPa	500-300hPa	300-100hPa	<100hPa
50527 49.25 119.70 2	50527 49.25 119.70 3	50527 49.25 119.70 4	50527 49.25 119.70 8	50527 49.25 119.70 3
50557 49.17 125.23 1	50557 49.17 125.23 5	50557 49.17 125.23 7	50557 49.17 125.23 8	50557 49.17 125.23 3
50745 47.38 123.92 1	50745 47.38 123.92 4	50745 47.38 123.92 4	50745 47.38 123.92 8	50745 47.38 123.92 3
50774 47.73 128.92 1	50774 47.73 128.92 3	50774 47.73 128.92 5	50774 47.73 128.92 10	50774 47.73 128.92 1
50834 46.60 121.22 0	50834 46.60 121.22 5	50834 46.60 121.22 4	50834 46.60 121.22 8	50834 46.60 121.22 3
50953 45.75 126.77 2	50953 45.75 126.77 6	50953 45.75 126.77 4	50953 45.75 126.77 8	50953 45.75 126.77 3
51076 47.73 88.08 2	51076 47.73 88.08 5	51076 47.73 88.08 6	51076 47.73 88.08 10	51076 47.73 88.08 3
51133 46.73 83.00 2	51133 46.73 83.00 7	51133 46.73 83.00 6	51133 46.73 83.00 12	51133 46.73 83.00 5
51243 45.62 84.85 3	51243 45.62 84.85 8	51243 45.62 84.85 3	51243 45.62 84.85 10	51243 45.62 84.85 3
51288 45.37 90.53 0	51288 45.37 90.53 8	51288 45.37 90.53 4	51288 45.37 90.53 12	51288 45.37 90.53 3
51431 43.95 81.33 2	51431 43.95 81.33 6	51431 43.95 81.33 5	51431 43.95 81.33 10	51431 43.95 81.33 4
51463 43.78 87.65 0	51463 43.78 87.65 9	51463 43.78 87.65 5	51463 43.78 87.65 11	51463 43.78 87.65 2
51628 41.17 80.23 2	51628 41.17 80.23 4	51628 41.17 80.23 4	51628 41.17 80.23 9	51628 41.17 80.23 3
51644 41.72 82.97 2	51644 41.72 82.97 6	51644 41.72 82.97 7	51644 41.72 82.97 8	51644 41.72 82.97 2
51656 41.75 86.13 0	51656 41.75 86.13 9	51656 41.75 86.13 9	51656 41.75 86.13 10	51656 41.75 86.13 4
51709 39.47 75.98 0	51709 39.47 75.98 4	51709 39.47 75.98 3	51709 39.47 75.98 7	51709 39.47 75.98 3
51777 39.03 88.17 3	51777 39.03 88.17 8	51777 39.03 88.17 7	51777 39.03 88.17 9	51777 39.03 88.17 0
51828 37.13 79.93 1	51828 37.13 79.93 3	51828 37.13 79.93 5	51828 37.13 79.93 7	51828 37.13 79.93 3
51839 37.07 82.72 0	51839 37.07 82.72 5	51839 37.07 82.72 9	51839 37.07 82.72 9	51839 37.07 82.72 2
51886 38.25 90.85 0	51886 38.25 90.85 6	51886 38.25 90.85 5	51886 38.25 90.85 10	51886 38.25 90.85 2
52203 42.82 93.52 1	52203 42.82 93.52 5	52203 42.82 93.52 4	52203 42.82 93.52 9	52203 42.82 93.52 1
52267 41.95 101.07 2	52267 41.95 101.07 4	52267 41.95 101.07 7	52267 41.95 101.07 6	52267 41.95 101.07 2
52323 41.80 97.03 0	52323 41.80 97.03 9	52323 41.80 97.03 7	52323 41.80 97.03 9	52323 41.80 97.03 1
52418 40.15 94.68 1	52418 40.15 94.68 9	52418 40.15 94.68 6	52418 40.15 94.68 10	52418 40.15 94.68 2
52652 39.08 100.28 0	52652 39.08 100.28 5	52652 39.08 100.28 2	52652 39.08 100.28 8	52652 39.08 100.28 2
52681 38.63 103.08 0	52681 38.63 103.08 6	52681 38.63 103.08 4	52681 38.63 103.08 10	52681 38.63 103.08 2
52818 36.42 94.90 0	52818 36.42 94.90 5	52818 36.42 94.90 11	52818 36.42 94.90 9	52818 36.42 94.90 2
52836 36.30 98.10 0	52836 36.30 98.10 2	52836 36.30 98.10 5	52836 36.30 98.10 8	52836 36.30 98.10 4
52866 36.72 101.75 0	52866 36.72 101.75 3	52866 36.72 101.75 7	52866 36.72 101.75 8	52866 36.72 101.75 2
52983 35.87 104.15 0	52983 35.87 104.15 7	52983 35.87 104.15 6	52983 35.87 104.15 9	52983 35.87 104.15 1
53068 43.63 111.95 0	53068 43.63 111.95 5	53068 43.63 111.95 6	53068 43.63 111.95 9	53068 43.63 111.95 2
53336 41.57 108.52 0	53336 41.57 108.52 2	53336 41.57 108.52 3	53336 41.57 108.52 9	53336 41.57 108.52 1
53463 40.82 111.68 0	53463 40.82 111.68 4	53463 40.82 111.68 2	53463 40.82 111.68 10	53463 40.82 111.68 2
53513 40.73 107.37 1	53513 40.73 107.37 6	53513 40.73 107.37 4	53513 40.73 107.37 8	53513 40.73 107.37 1
53543 39.83 109.98 0	53543 39.83 109.98 4	53543 39.83 109.98 9	53543 39.83 109.98 9	53543 39.83 109.98 2
53614 38.47 106.20 0	53614 38.47 106.20 9	53614 38.47 106.20 8	53614 38.47 106.20 9	53614 38.47 106.20 1
53772 37.78 112.55 0	53772 37.78 112.55 9	53772 37.78 112.55 8	53772 37.78 112.55 10	53772 37.78 112.55 2
53798 37.17 114.35 1	53798 37.17 114.35 8	53798 37.17 114.35 7	53798 37.17 114.35 7	53798 37.17 114.35 2
53845 36.57 109.45 1	53845 36.57 109.45 10	53845 36.57 109.45 5	53845 36.57 109.45 8	53845 36.57 109.45 1
53915 35.55 106.67 0	53915 35.55 106.67 2	53915 35.55 106.67 8	53915 35.55 106.67 7	53915 35.55 106.67 3
54102 43.95 116.12 0	54102 43.95 116.12 5	54102 43.95 116.12 6	54102 43.95 116.12 9	54102 43.95 116.12 2
54135 43.60 122.27 3	54135 43.60 122.27 13	54135 43.60 122.27 4	54135 43.60 122.27 10	54135 43.60 122.27 1
54161 43.90 125.22 2	54161 43.90 125.22 5	54161 43.90 125.22 4	54161 43.90 125.22 8	54161 43.90 125.22 3
54218 42.30 118.83 1	54218 42.30 118.83 7	54218 42.30 118.83 9	54218 42.30 118.83 11	54218 42.30 118.83 2
54292 42.87 129.50 4	54292 42.87 129.50 15	54292 42.87 129.50 9	54292 42.87 129.50 9	54292 42.87 129.50 1
54342 41.73 123.52 1	54342 41.73 123.52 6	54342 41.73 123.52 4	54342 41.73 123.52 9	54342 41.73 123.52 2
54374 41.80 126.88 2	54374 41.80 126.88 7	54374 41.80 126.88 4	54374 41.80 126.88 8	54374 41.80 126.88 2
54401 40.77 114.92 2	54401 40.77 114.92 4	54401 40.77 114.92 4	54401 40.77 114.92 9	54401 40.77 114.92 2
54511 39.80 116.47 1	54511 39.80 116.47 2	54511 39.80 116.47 2	54511 39.80 116.47 4	54511 39.80 116.47 0
54539 39.43 118.88 3	54539 39.43 118.88 7	54539 39.43 118.88 4	54539 39.43 118.88 11	54539 39.43 118.88 2
54662 38.90 121.63 2	54662 38.90 121.63 13	54662 38.90 121.63 9	54662 38.90 121.63 11	54662 38.90 121.63 1
54727 36.68 117.55 4	54727 36.68 117.55 10	54727 36.68 117.55 13	54727 36.68 117.55 10	54727 36.68 117.55 1
54778 37.17 122.48 5	54778 37.17 122.48 10	54778 37.17 122.48 5	54778 37.17 122.48 8	54778 37.17 122.48 2
54857 36.07 120.33 4	54857 36.07 120.33 7	54857 36.07 120.33 7	54857 36.07 120.33 10	54857 36.07 120.33 2
55299 31.48 92.07 0	55299 31.48 92.07 0	55299 31.48 92.07 3	55299 31.48 92.07 9	55299 31.48 92.07 2
55591 29.67 91.13 0	55591 29.67 91.13 2	55591 29.67 91.13 7	55591 29.67 91.13 7	55591 29.67 91.13 2
55664 28.63 87.08 0	55664 28.63 87.08 1	55664 28.63 87.08 6	55664 28.63 87.08 6	55664 28.63 87.08 2
56004 34.22 92.43 0	56004 34.22 92.43 0	56004 34.22 92.43 9	56004 34.22 92.43 7	56004 34.22 92.43 2
56029 33.00 96.97 0	56029 33.00 96.97 0	56029 33.00 96.97 5	56029 33.00 96.97 7	56029 33.00 96.97 2
56046 33.75 99.65 0	56046 33.75 99.65 1	56046 33.75 99.65 5	56046 33.75 99.65 9	56046 33.75 99.65 2
56080 35.00 102.90 0	56080 35.00 102.90 2	56080 35.00 102.90 3	56080 35.00 102.90 9	56080 35.00 102.90 2
56096 33.40 104.92 0	56096 33.40 104.92 2	56096 33.40 104.92 5	56096 33.40 104.92 7	56096 33.40 104.92 3
56137 31.15 97.17 0	56137 31.15 97.17 1	56137 31.15 97.17 4	56137 31.15 97.17 7	56137 31.15 97.17 4
56146 31.62 100.00 0	56146 31.62 100.00 0	56146 31.62 100.00 8	56146 31.62 100.00 9	56146 31.62 100.00 4
56173 32.80 102.55 0	56173 32.80 102.55 1	56173 32.80 102.55 5	56173 32.80 102.55 7	56173 32.80 102.55 1
56187 30.75 103.87 1	56187 30.75 103.87 4	56187 30.75 103.87 9	56187 30.75 103.87 7	56187 30.75 103.87 3
56247 30.00 99.10 0	56247 30.00 99.10 1	56247 30.00 99.10 5	56247 30.00 99.10 8	56247 30.00 99.10 2
56312 29.67 94.33 0	56312 29.67 94.33 0	56312 29.67 94.33 5	56312 29.67 94.33 6	56312 29.67 94.33 2
56492 28.80 104.60 1	56492 28.80 104.60 5	56492 28.80 104.60 4	56492 28.80 104.60 7	56492 28.80 104.60 2
56571 27.90 102.27 0	56571 27.90 102.27 2	56571 27.90 102.27 5	56571 27.90 102.27 7	56571 27.90 102.27 1
56651 26.85 100.22 0	56651 26.85 100.22 2	56651 26.85 100.22 3	56651 26.85 100.22 7	56651 26.85 100.22 2
56691 26.87 104.28 0	56691 26.87 104.28 2	56691 26.87 104.28 6	56691 26.87 104.28 11	56691 26.87 104.28 3
56739 25.02 98.50 0	56739 25.02 98.50 2	56739 25.02 98.50 3	56739 25.02 98.50 8	56739 25.02 98.50 2
56778 25.00 102.65 0	56778 25.00 102.65 2	56778 25.00 102.65 8	56778 25.00 102.65 9	56778 25.00 102.65 2
57083 34.72 113.65 3	57083 34.72 113.65 5	57083 34.72 113.65 6	57083 34.72 113.65 6	57083 34.72 113.65 1
57127 33.07 107.03 3	57127 33.07 107.03 3	57127 33.07 107.03 6	57127 33.07 107.03 8	57127 33.07 107.03 2
57131 34.43 108.97 1	57131 34.43 108.97 4	57131 34.43 108.97 6	57131 34.43 108.97 8	57131 34.43 108.97 2
57178 33.03 112.58 1	57178 33.03 112.58 6	57178 33.03 112.58 8	57178 33.03 112.58 7	57178 33.03 112.58 2
57245 32.72 109.03 1	57245 32.72 109.03 6	57245 32.72 109.03 5	57245 32.72 109.03 6	57245 32.72 109.03 2
57328 31.20 107.50 2	57328 31.20 107.50 4	57328 31.20 107.50 9	57328 31.20 107.50 8	57328 31.20 107.50 1
57447 30.28 109.47 1	57447 30.28 109.47 5	57447 30.28 109.47 10	57447 30.28 109.47 8	57447 30.28 109.47 1
57461 30.70 111.30 2	57461 30.70 111.30 2	57461 30.70 111.30 2	57461 30.70 111.30 3	57461 30.70 111.30 0
57494 30.60 114.05 1	57494 30.60 114.05 11	57494 30.60 114.05 5	57494 30.60 114.05 8	57494 30.60 114.05 1
57516 29.58 106.47 2	57516 29.58 106.47 3	57516 29.58 106.47 4	57516 29.58 106.47 7	57516 29.58 106.47 2
57679 28.20 113.08 1	57679 28.20 113.08 8	57679 28.20 113.08 11	57679 28.20 113.08 10	57679 28.20 113.08 1
57816 26.58 106.73 1	57816 26.58 106.73 5	57816 26.58 106.73 11	57816 26.58 106.73 10	57816 26.58 106.73 2
57957 25.32 110.30 1	57957 25.32 110.30 14	57957 25.32 110.30 7	57957 25.32 110.30 7	57957 25.32 110.30 1
57972 25.80 113.03 2	57972 25.80 113.03 9	57972 25.80 113.03 8	57972 25.80 113.03 6	57972 25.80 113.03 2
57993 25.87 115.00 2	57993 25.87 115.00 7	57993 25.87 115.00 7	57993 25.87 115.00 6	57993 25.87 115.00 1
58027 34.28 117.15 3	58027 34.28 117.15 4	58027 34.28 117.15 6	58027 34.28 117.15 8	58027 34.28 117.15 2
58150 33.77 120.25 5	58150 33.77 120.25 6	58150 33.77 120.25 5	58150 33.77 120.25 7	58150 33.77 120.25 0
58203 32.90 115.83 3	58203 32.90 115.83 4	58203 32.90 115.83 3	58203 32.90 115.83 7	58203 32.90 115.83 2
58238 31.93 118.90 4	58238 31.93 118.90 6	58238 31.93 118.90 7	58238 31.93 118.90 9	58238 31.93 118.90 1
58362 31.40 121.45 4	58362 31.40 121.45 12	58362 31.40 121.45 7	58362 31.40 121.45 10	58362 31.40 121.45 1
58424 30.53 117.05 3	58424 30.53 117.05 7	58424 30.53 117.05 10	58424 30.53 117.05 9	58424 30.53 117.05 2
58457 30.23 120.17 5	58457 30.23 120.17 9	58457 30.23 120.17 7	58457 30.23 120.17 8	58457 30.23 120.17 1
58606 28.60 115.92 5	58606 28.60 115.92 8	58606 28.60 115.92 10	58606 28.60 115.92 8	58606 28.60 115.92 1
58633 29.00 118.90 5	58633 29.00 118.90 7	58633 29.00 118.90 9	58633 29.00 118.90 8	58633 29.00 118.90 1
58665 28.62 121.42 6	58665 28.62 121.42 7	58665 28.62 121.42 10	58665 28.62 121.42 8	58665 28.62 121.42 2
58725 27.33 117.47 3	58725 27.33 117.47 6	58725 27.33 117.47 10	58725 27.33 117.47 8	58725 27.33 117.47 2
58847 26.08 119.28 2	58847 26.08 119.28 2	58847 26.08 119.28 2	58847 26.08 119.28 4	58847 26.08 119.28 0
59023 24.70 108.03 1	59023 24.70 108.03 9	59023 24.70 108.03 6	59023 24.70 108.03 8	59023 24.70 108.03 2
59134 24.48 118.07 2	59134 24.48 118.07 9	59134 24.48 118.07 8	59134 24.48 118.07 11	59134 24.48 118.07 0
59211 23.90 106.60 1	59211 23.90 106.60 8	59211 23.90 106.60 10	59211 23.90 106.60 7	59211 23.90 106.60 2
59280 23.70 113.08 2	59280 23.70 113.08 4	59280 23.70 113.08 6	59280 23.70 113.08 9	59280 23.70 113.08 1
59293 23.78 114.73 1	59293 23.78 114.73 7	59293 23.78 114.73 7	59293 23.78 114.73 5	59293 23.78 114.73 1
59316 23.40 116.68 2	59316 23.40 116.68 8	59316 23.40 116.68 8	59316 23.40 116.68 7	59316 23.40 116.68 2
